{
 "cells": [
  {
   "cell_type": "code",
   "execution_count": 1,
   "metadata": {},
   "outputs": [],
   "source": [
    "import os\n",
    "types = ['sigmoid', 'tanh', 'relu']"
   ]
  },
  {
   "cell_type": "code",
   "execution_count": 10,
   "metadata": {},
   "outputs": [
    {
     "data": {
      "text/plain": [
       "0"
      ]
     },
     "execution_count": 10,
     "metadata": {},
     "output_type": "execute_result"
    }
   ],
   "source": [
    "os.system('g++ main.cpp -o main.out -ljsoncpp')"
   ]
  },
  {
   "cell_type": "markdown",
   "metadata": {},
   "source": [
    "Ejecutar ./main.out con los siguientes argumentos:\n",
    "\n",
    "        <in.txt> <out.txt> <layers> \n",
    "\n",
    "        <neurons_in_layer(1)> <neurons_in_layer(2)> ... <neurons_in_layer(layers)>\n",
    "        \n",
    "        <activation_function> <epoch> <alpha> <debug> <seed>\n",
    "        "
   ]
  },
  {
   "cell_type": "code",
   "execution_count": 46,
   "metadata": {},
   "outputs": [],
   "source": [
    "#for type in types:\n",
    "    #os.system('./main.out encodes/img_encodings_1_norm.json errors/error_1 2 30 20 ' + type + ' 1000 0.05 0 1')"
   ]
  },
  {
   "cell_type": "code",
   "execution_count": 11,
   "metadata": {},
   "outputs": [
    {
     "name": "stdout",
     "output_type": "stream",
     "text": [
      "sigmoid finish\n",
      "tanh finish\n",
      "relu finish\n"
     ]
    }
   ],
   "source": [
    "for type in types:\n",
    "    os.system('./main.out encodes/data.json errors/error_1 1 3 ' + type + ' 1000 0.00005 0 1')"
   ]
  },
  {
   "cell_type": "code",
   "execution_count": 7,
   "metadata": {},
   "outputs": [
    {
     "name": "stdout",
     "output_type": "stream",
     "text": [
      "x_train: [120.4]\n",
      "y_train: [120,3]\n",
      "x_validation: [15,4]\n",
      "y_validation: [15,3]\n",
      "layer 1 with 3 neurons\n",
      "2 matrices of weights\n",
      "Matrix 0: [5,3]((-0.368462,-0.0413499,-0.281041),(0.178865,0.434693,0.0194164),(-0.465428,0.0297002,-0.492302),(-0.433158,0.186773,0.430436),(0.0269288,0.153919,0.201191))\n",
      "Matrix 1: [4,3]((0.262198,-0.452535,-0.171766),(0.25641,-0.134661,0.48255),(0.253356,-0.427314,0.384707),(-0.0635886,-0.0222682,-0.225093))\n",
      "\n",
      "\n",
      "*************************Epoch 1*************************\n",
      "\n",
      "-------------Forward propagation------------\n",
      "Salidas de las neuronas por cada dato: \n",
      "\n",
      "Matrix 0:\n",
      "     0.29273084      0.65565397      0.49491562 \n",
      "     0.34624676      0.53428881      0.37687527 \n",
      "     0.35417400      0.59455028      0.52405277 \n",
      "     0.33364728      0.52780983      0.36266558 \n",
      "     0.32650819      0.59166075      0.50141794 \n",
      "     0.33906353      0.59983656      0.47178504 \n",
      "     0.34167779      0.57102301      0.45800831 \n",
      "     0.32589465      0.63061818      0.50440359 \n",
      "     0.32104208      0.57552547      0.47314364 \n",
      "     0.32347775      0.60003647      0.48568955 \n",
      "     0.33684025      0.59402613      0.47151624 \n",
      "First 10 lines ...\n",
      "\n",
      "Matrix 1:\n",
      "     0.61583338      0.31364222      0.52755311 \n",
      "     0.61357852      0.32390945      0.52897459 \n",
      "     0.61545972      0.31735401      0.52744938 \n",
      "     0.61263716      0.32495747      0.52763543 \n",
      "     0.61394711      0.31853898      0.52511415 \n",
      "     0.61564631      0.31755765      0.52907099 \n",
      "     0.61428393      0.32022206      0.52739579 \n",
      "     0.61620173      0.31493982      0.52860879 \n",
      "     0.61307177      0.32033479      0.52449551 \n",
      "     0.61450280      0.31792699      0.52643568 \n",
      "     0.61516701      0.31816221      0.52826174 \n",
      "First 10 lines ...\n",
      "\n",
      "Salidas softmax del modelo: \n",
      "     0.37669026      0.27844821      0.34486153 \n",
      "     0.37489868      0.28061587      0.34448545 \n",
      "     0.37622636      0.27924381      0.34452982 \n",
      "     0.37474061      0.28105613      0.34420326 \n",
      "     0.37604925      0.27986630      0.34408446 \n",
      "     0.37603852      0.27910915      0.34485232 \n",
      "     0.37565599      0.27995025      0.34439376 \n",
      "     0.37650352      0.27856891      0.34492757 \n",
      "     0.37573479      0.28038021      0.34388500 \n",
      "     0.37607293      0.27955730      0.34436976 \n",
      "     0.37596750      0.27935906      0.34467344 \n",
      "First 10 lines ...\n",
      "\n",
      "-----------Forward propagation End----------\n",
      "\n",
      "------------Error---------------\n",
      "out training = [120,3]((0.37669026,0.27844821,0.34486153),(0.37489868,0.28061587,0.34448545),(0.37622636,0.27924381,0.34452982),(0.37474061,0.28105613,0.34420326),(0.37604925,0.27986630,0.34408446),(0.37603852,0.27910915,0.34485232),(0.37565599,0.27995025,0.34439376),(0.37650352,0.27856891,0.34492757),(0.37573479,0.28038021,0.34388500),(0.37607293,0.27955730,0.34436976),(0.37596750,0.27935906,0.34467344),(0.37607819,0.27975081,0.34417100),(0.37492645,0.28047119,0.34460236),(0.37587475,0.27968071,0.34444454),(0.37652044,0.27852419,0.34495538),(0.37470660,0.28111171,0.34418169),(0.37658121,0.27862953,0.34478926),(0.37629100,0.27904067,0.34466833),(0.37636264,0.27907483,0.34456254),(0.37476154,0.28101256,0.34422590),(0.37658705,0.27856731,0.34484564),(0.37657083,0.27841924,0.34500993),(0.37680642,0.27800460,0.34518898),(0.37577414,0.27996482,0.34426104),(0.37653247,0.27836433,0.34510320),(0.37614682,0.27964855,0.34420464),(0.37619525,0.27918691,0.34461784),(0.37476922,0.28120679,0.34402399),(0.37613731,0.27953732,0.34432537),(0.37479725,0.28072364,0.34447910),(0.37580746,0.28012776,0.34406477),(0.37619091,0.27927167,0.34453741),(0.37483054,0.28083917,0.34433029),(0.37614682,0.27964855,0.34420464),(0.37578959,0.27996692,0.34424350),(0.37445643,0.28163104,0.34391253),(0.37477273,0.28089553,0.34433174),(0.37597717,0.27956439,0.34445844),(0.37629865,0.27862751,0.34507384),(0.37629597,0.27866973,0.34503430),(0.37465994,0.28119847,0.34414159),(0.37647925,0.27895216,0.34456860),(0.37568092,0.27992325,0.34439583),(0.37631286,0.27931361,0.34437354),(0.37562972,0.28035847,0.34401181),(0.37473551,0.28117644,0.34408806),(0.37597377,0.27957032,0.34445591),(0.37460083,0.28132933,0.34406983),(0.37625160,0.27860547,0.34514292),(0.37475979,0.28102210,0.34421811),(0.37543944,0.28028491,0.34427565),(0.37473237,0.28107165,0.34419598),(0.37636159,0.27887820,0.34476021),(0.37578634,0.27987899,0.34433467),(0.37482010,0.28098041,0.34419949),(0.37601311,0.27953278,0.34445410),(0.37456966,0.28156312,0.34386721),(0.37478415,0.28080684,0.34440901),(0.37693801,0.27792805,0.34513394),(0.37464670,0.28141482,0.34393848),(0.37617207,0.27887401,0.34495393),(0.37483597,0.28084802,0.34431602),(0.37648929,0.27899729,0.34451342),(0.37473398,0.28100132,0.34426469),(0.37473236,0.28088768,0.34437996),(0.37467264,0.28137344,0.34395392),(0.37631879,0.27878743,0.34489378),(0.37655760,0.27868045,0.34476195),(0.37567467,0.27974828,0.34457705),(0.37619976,0.27886646,0.34493378),(0.37716168,0.27756363,0.34527469),(0.37475995,0.28096005,0.34427999),(0.37628293,0.27928598,0.34443108),(0.37625570,0.27945507,0.34428923),(0.37678041,0.27802807,0.34519152),(0.37583003,0.27978906,0.34438091),(0.37477169,0.28093110,0.34429721),(0.37479854,0.28076617,0.34443529),(0.37658002,0.27873321,0.34468676),(0.37485824,0.28045997,0.34468179),(0.37573591,0.28061561,0.34364848),(0.37460840,0.28151954,0.34387205),(0.37574604,0.27986164,0.34439232),(0.37572195,0.27990019,0.34437786),(0.37634390,0.27933410,0.34432199),(0.37591685,0.27934948,0.34473367),(0.37459509,0.28137845,0.34402645),(0.37584092,0.27997338,0.34418570),(0.37652546,0.27860855,0.34486599),(0.37645285,0.27899681,0.34455034),(0.37595566,0.27922632,0.34481802),(0.37598502,0.27956383,0.34445115),(0.37603502,0.27943319,0.34453178),(0.37577914,0.28012608,0.34409478),(0.37489341,0.28079230,0.34431429),(0.37458576,0.28154001,0.34387423),(0.37659831,0.27849767,0.34490402),(0.37700923,0.27775962,0.34523116),(0.37546804,0.28040446,0.34412750),(0.37472242,0.28109036,0.34418722),(0.37467523,0.28124109,0.34408368),(0.37622983,0.27886669,0.34490348),(0.37621277,0.27956185,0.34422538),(0.37463272,0.28130375,0.34406353),(0.37635579,0.27894498,0.34469922),(0.37493912,0.28043822,0.34462267),(0.37460824,0.28145797,0.34393379),(0.37674834,0.27827475,0.34497690),(0.37624138,0.27903610,0.34472252),(0.37540467,0.28060029,0.34399504),(0.37447765,0.28169688,0.34382547),(0.37604204,0.27924947,0.34470849),(0.37557416,0.28025376,0.34417207),(0.37614957,0.27893318,0.34491724),(0.37644143,0.27895131,0.34460726),(0.37654596,0.27877655,0.34467749),(0.37587589,0.27981809,0.34430602),(0.37626977,0.27902505,0.34470518),(0.37451925,0.28169684,0.34378390),(0.37572117,0.28007336,0.34420547))\n",
      "y_train = [120,3]((0.00000000,0.00000000,1.00000000),(1.00000000,0.00000000,0.00000000),(0.00000000,0.00000000,1.00000000),(1.00000000,0.00000000,0.00000000),(0.00000000,0.00000000,1.00000000),(0.00000000,1.00000000,0.00000000),(0.00000000,1.00000000,0.00000000),(0.00000000,0.00000000,1.00000000),(0.00000000,1.00000000,0.00000000),(0.00000000,0.00000000,1.00000000),(0.00000000,1.00000000,0.00000000),(0.00000000,0.00000000,1.00000000),(1.00000000,0.00000000,0.00000000),(0.00000000,1.00000000,0.00000000),(0.00000000,0.00000000,1.00000000),(1.00000000,0.00000000,0.00000000),(0.00000000,0.00000000,1.00000000),(0.00000000,0.00000000,1.00000000),(0.00000000,0.00000000,1.00000000),(1.00000000,0.00000000,0.00000000),(0.00000000,0.00000000,1.00000000),(0.00000000,0.00000000,1.00000000),(0.00000000,0.00000000,1.00000000),(0.00000000,1.00000000,0.00000000),(0.00000000,0.00000000,1.00000000),(0.00000000,0.00000000,1.00000000),(0.00000000,0.00000000,1.00000000),(1.00000000,0.00000000,0.00000000),(0.00000000,1.00000000,0.00000000),(1.00000000,0.00000000,0.00000000),(0.00000000,1.00000000,0.00000000),(0.00000000,0.00000000,1.00000000),(1.00000000,0.00000000,0.00000000),(0.00000000,0.00000000,1.00000000),(0.00000000,1.00000000,0.00000000),(1.00000000,0.00000000,0.00000000),(1.00000000,0.00000000,0.00000000),(0.00000000,1.00000000,0.00000000),(0.00000000,1.00000000,0.00000000),(0.00000000,1.00000000,0.00000000),(1.00000000,0.00000000,0.00000000),(0.00000000,0.00000000,1.00000000),(0.00000000,1.00000000,0.00000000),(0.00000000,0.00000000,1.00000000),(0.00000000,1.00000000,0.00000000),(1.00000000,0.00000000,0.00000000),(0.00000000,1.00000000,0.00000000),(1.00000000,0.00000000,0.00000000),(0.00000000,1.00000000,0.00000000),(1.00000000,0.00000000,0.00000000),(0.00000000,1.00000000,0.00000000),(1.00000000,0.00000000,0.00000000),(0.00000000,0.00000000,1.00000000),(0.00000000,1.00000000,0.00000000),(1.00000000,0.00000000,0.00000000),(0.00000000,1.00000000,0.00000000),(1.00000000,0.00000000,0.00000000),(1.00000000,0.00000000,0.00000000),(0.00000000,0.00000000,1.00000000),(1.00000000,0.00000000,0.00000000),(0.00000000,1.00000000,0.00000000),(1.00000000,0.00000000,0.00000000),(0.00000000,0.00000000,1.00000000),(1.00000000,0.00000000,0.00000000),(1.00000000,0.00000000,0.00000000),(1.00000000,0.00000000,0.00000000),(0.00000000,1.00000000,0.00000000),(0.00000000,0.00000000,1.00000000),(0.00000000,1.00000000,0.00000000),(0.00000000,1.00000000,0.00000000),(0.00000000,0.00000000,1.00000000),(1.00000000,0.00000000,0.00000000),(0.00000000,0.00000000,1.00000000),(0.00000000,0.00000000,1.00000000),(0.00000000,0.00000000,1.00000000),(0.00000000,1.00000000,0.00000000),(1.00000000,0.00000000,0.00000000),(1.00000000,0.00000000,0.00000000),(0.00000000,0.00000000,1.00000000),(1.00000000,0.00000000,0.00000000),(0.00000000,0.00000000,1.00000000),(1.00000000,0.00000000,0.00000000),(0.00000000,1.00000000,0.00000000),(0.00000000,1.00000000,0.00000000),(0.00000000,0.00000000,1.00000000),(0.00000000,1.00000000,0.00000000),(1.00000000,0.00000000,0.00000000),(0.00000000,1.00000000,0.00000000),(0.00000000,0.00000000,1.00000000),(0.00000000,0.00000000,1.00000000),(0.00000000,1.00000000,0.00000000),(0.00000000,1.00000000,0.00000000),(0.00000000,1.00000000,0.00000000),(0.00000000,1.00000000,0.00000000),(1.00000000,0.00000000,0.00000000),(1.00000000,0.00000000,0.00000000),(0.00000000,0.00000000,1.00000000),(0.00000000,0.00000000,1.00000000),(0.00000000,1.00000000,0.00000000),(1.00000000,0.00000000,0.00000000),(1.00000000,0.00000000,0.00000000),(0.00000000,1.00000000,0.00000000),(0.00000000,0.00000000,1.00000000),(1.00000000,0.00000000,0.00000000),(0.00000000,0.00000000,1.00000000),(1.00000000,0.00000000,0.00000000),(1.00000000,0.00000000,0.00000000),(0.00000000,0.00000000,1.00000000),(0.00000000,1.00000000,0.00000000),(0.00000000,1.00000000,0.00000000),(1.00000000,0.00000000,0.00000000),(0.00000000,1.00000000,0.00000000),(0.00000000,1.00000000,0.00000000),(0.00000000,1.00000000,0.00000000),(0.00000000,0.00000000,1.00000000),(0.00000000,0.00000000,1.00000000),(0.00000000,1.00000000,0.00000000),(0.00000000,0.00000000,1.00000000),(1.00000000,0.00000000,0.00000000),(0.00000000,1.00000000,0.00000000))\n",
      "out validation = [15,3]((0.37613277,0.27883993,0.34502731),(0.37612346,0.27890150,0.34497505),(0.37680602,0.27824107,0.34495291),(0.37598598,0.27980050,0.34421352),(0.37477790,0.28075222,0.34446988),(0.37468916,0.28116977,0.34414107),(0.37474924,0.28095338,0.34429738),(0.37466043,0.28137389,0.34396568),(0.37619358,0.27890344,0.34490297),(0.37644975,0.27932312,0.34422714),(0.37617622,0.27957973,0.34424404),(0.37481520,0.28090065,0.34428415),(0.37638527,0.27895351,0.34466122),(0.37668025,0.27834575,0.34497400),(0.37612196,0.27945657,0.34442148))\n",
      "y_validation = [15,3]((0.00000000,1.00000000,0.00000000),(0.00000000,1.00000000,0.00000000),(0.00000000,0.00000000,1.00000000),(0.00000000,1.00000000,0.00000000),(1.00000000,0.00000000,0.00000000),(1.00000000,0.00000000,0.00000000),(1.00000000,0.00000000,0.00000000),(1.00000000,0.00000000,0.00000000),(0.00000000,1.00000000,0.00000000),(0.00000000,0.00000000,1.00000000),(0.00000000,0.00000000,1.00000000),(1.00000000,0.00000000,0.00000000),(0.00000000,0.00000000,1.00000000),(0.00000000,0.00000000,1.00000000),(0.00000000,0.00000000,1.00000000))\n",
      "Error training: 1.11018723\n",
      "Error validation: 1.09365279\n",
      "\n",
      "----------Error End-------------\n",
      "\n",
      "------------Backward propagation------------\n",
      "In matrix 1:\n",
      "Ws_derivades[1] = [4,3]((1.66448108,-1.60035975,0.08283150),(0.46280088,-0.58513339,0.18415031),(1.48714867,-0.99044725,-0.43135613),(1.48730960,-0.94261726,-0.48671377))\n",
      "In matrix 0:\n",
      "Ws_derivades[0] = [5,3]((0.17113907,0.29013460,-0.01505634),(-0.01844396,0.08977990,0.07624509),(-0.00861513,-0.04295548,-0.00399569),(-0.00939375,0.16233324,0.10497272),(-0.05704883,0.09915835,0.12442768))\n",
      "\n",
      "Prev Ws:\n",
      "\tW[0] = [5,3]((-0.36846221,-0.04134987,-0.28104081),(0.17886472,0.43469290,0.01941637),(-0.46542789,0.02970019,-0.49230181),(-0.43315776,0.18677271,0.43043649),(0.02692878,0.15391896,0.20119059))\n",
      "    -0.36846221     -0.04134987     -0.28104081 \n",
      "     0.17886472      0.43469290      0.01941637 \n",
      "    -0.46542789      0.02970019     -0.49230181 \n",
      "    -0.43315776      0.18677271      0.43043649 \n",
      "     0.02692878      0.15391896      0.20119059 \n",
      "\n",
      "\tW[1] = [4,3]((0.26219804,-0.45253549,-0.17176577),(0.25641049,-0.13466133,0.48255029),(0.25335584,-0.42731412,0.38470713),(-0.06358859,-0.02226823,-0.22509316))\n",
      "     0.26219804     -0.45253549     -0.17176577 \n",
      "     0.25641049     -0.13466133      0.48255029 \n",
      "     0.25335584     -0.42731412      0.38470713 \n",
      "    -0.06358859     -0.02226823     -0.22509316 \n",
      "\n",
      "Ws_derivades:\n",
      "\tW_deriv[0] = [5,3]((0.17113907,0.29013460,-0.01505634),(-0.01844396,0.08977990,0.07624509),(-0.00861513,-0.04295548,-0.00399569),(-0.00939375,0.16233324,0.10497272),(-0.05704883,0.09915835,0.12442768))\n",
      "     0.17113907      0.29013460     -0.01505634 \n",
      "    -0.01844396      0.08977990      0.07624509 \n",
      "    -0.00861513     -0.04295548     -0.00399569 \n",
      "    -0.00939375      0.16233324      0.10497272 \n",
      "    -0.05704883      0.09915835      0.12442768 \n",
      "\n",
      "\tW_deriv[1] = [4,3]((1.66448108,-1.60035975,0.08283150),(0.46280088,-0.58513339,0.18415031),(1.48714867,-0.99044725,-0.43135613),(1.48730960,-0.94261726,-0.48671377))\n",
      "     1.66448108     -1.60035975      0.08283150 \n",
      "     0.46280088     -0.58513339      0.18415031 \n",
      "     1.48714867     -0.99044725     -0.43135613 \n",
      "     1.48730960     -0.94261726     -0.48671377 \n",
      "\n",
      "Post Ws:\n",
      "\tW[0] = [5,3]((-0.36846221,-0.04134987,-0.28104081),(0.17886472,0.43469290,0.01941637),(-0.46542789,0.02970019,-0.49230181),(-0.43315776,0.18677271,0.43043649),(0.02692878,0.15391896,0.20119059))\n",
      "    -0.36846221     -0.04134987     -0.28104081 \n",
      "     0.17886472      0.43469290      0.01941637 \n",
      "    -0.46542789      0.02970019     -0.49230181 \n",
      "    -0.43315776      0.18677271      0.43043649 \n",
      "     0.02692878      0.15391896      0.20119059 \n",
      "\n",
      "\tW[1] = [4,3]((0.26219804,-0.45253549,-0.17176577),(0.25641049,-0.13466133,0.48255029),(0.25335584,-0.42731412,0.38470713),(-0.06358859,-0.02226823,-0.22509316))\n",
      "     0.26219804     -0.45253549     -0.17176577 \n",
      "     0.25641049     -0.13466133      0.48255029 \n",
      "     0.25335584     -0.42731412      0.38470713 \n",
      "    -0.06358859     -0.02226823     -0.22509316 \n",
      "\n",
      "\n",
      "----------Backward propagation End----------\n",
      "\n",
      "*************************Epoch 2*************************\n",
      "\n",
      "-------------Forward propagation------------\n",
      "Salidas de las neuronas por cada dato: \n",
      "\n",
      "Matrix 0:\n",
      "     0.29273084      0.65565397      0.49491562 \n",
      "     0.34624676      0.53428881      0.37687527 \n",
      "     0.35417400      0.59455028      0.52405277 \n",
      "     0.33364728      0.52780983      0.36266558 \n",
      "     0.32650819      0.59166075      0.50141794 \n",
      "     0.33906353      0.59983656      0.47178504 \n",
      "     0.34167779      0.57102301      0.45800831 \n",
      "     0.32589465      0.63061818      0.50440359 \n",
      "     0.32104208      0.57552547      0.47314364 \n",
      "     0.32347775      0.60003647      0.48568955 \n",
      "     0.33684025      0.59402613      0.47151624 \n",
      "First 10 lines ...\n",
      "\n",
      "Matrix 1:\n",
      "     0.61583338      0.31364223      0.52755311 \n",
      "     0.61357852      0.32390945      0.52897459 \n",
      "     0.61545972      0.31735401      0.52744938 \n",
      "     0.61263716      0.32495747      0.52763543 \n",
      "     0.61394711      0.31853898      0.52511415 \n",
      "     0.61564631      0.31755765      0.52907099 \n",
      "     0.61428393      0.32022206      0.52739579 \n",
      "     0.61620173      0.31493982      0.52860879 \n",
      "     0.61307177      0.32033479      0.52449551 \n",
      "     0.61450280      0.31792699      0.52643568 \n",
      "     0.61516701      0.31816221      0.52826174 \n",
      "First 10 lines ...\n",
      "\n",
      "Salidas softmax del modelo: \n",
      "     0.37669026      0.27844821      0.34486153 \n",
      "     0.37489868      0.28061587      0.34448545 \n",
      "     0.37622636      0.27924381      0.34452982 \n",
      "     0.37474061      0.28105613      0.34420326 \n",
      "     0.37604925      0.27986630      0.34408446 \n",
      "     0.37603852      0.27910915      0.34485232 \n",
      "     0.37565599      0.27995025      0.34439376 \n",
      "     0.37650352      0.27856891      0.34492757 \n",
      "     0.37573479      0.28038021      0.34388500 \n",
      "     0.37607293      0.27955730      0.34436976 \n",
      "     0.37596750      0.27935906      0.34467344 \n",
      "First 10 lines ...\n",
      "\n",
      "-----------Forward propagation End----------\n",
      "\n",
      "------------Error---------------\n",
      "out training = [120,3]((0.37669026,0.27844821,0.34486153),(0.37489868,0.28061587,0.34448545),(0.37622636,0.27924381,0.34452982),(0.37474061,0.28105613,0.34420326),(0.37604925,0.27986630,0.34408446),(0.37603852,0.27910915,0.34485232),(0.37565599,0.27995025,0.34439376),(0.37650352,0.27856891,0.34492757),(0.37573479,0.28038021,0.34388500),(0.37607293,0.27955730,0.34436976),(0.37596750,0.27935906,0.34467344),(0.37607819,0.27975081,0.34417100),(0.37492645,0.28047119,0.34460236),(0.37587475,0.27968071,0.34444454),(0.37652044,0.27852419,0.34495538),(0.37470660,0.28111171,0.34418169),(0.37658121,0.27862953,0.34478926),(0.37629100,0.27904067,0.34466833),(0.37636264,0.27907483,0.34456254),(0.37476154,0.28101256,0.34422590),(0.37658705,0.27856731,0.34484564),(0.37657083,0.27841924,0.34500993),(0.37680642,0.27800460,0.34518898),(0.37577414,0.27996482,0.34426104),(0.37653247,0.27836433,0.34510320),(0.37614682,0.27964855,0.34420464),(0.37619525,0.27918691,0.34461784),(0.37476922,0.28120679,0.34402399),(0.37613731,0.27953732,0.34432537),(0.37479725,0.28072364,0.34447910),(0.37580746,0.28012776,0.34406477),(0.37619091,0.27927167,0.34453741),(0.37483054,0.28083917,0.34433029),(0.37614682,0.27964855,0.34420464),(0.37578959,0.27996692,0.34424350),(0.37445643,0.28163104,0.34391253),(0.37477273,0.28089553,0.34433174),(0.37597717,0.27956439,0.34445844),(0.37629865,0.27862751,0.34507384),(0.37629597,0.27866973,0.34503430),(0.37465994,0.28119847,0.34414159),(0.37647925,0.27895216,0.34456860),(0.37568092,0.27992325,0.34439583),(0.37631286,0.27931361,0.34437354),(0.37562972,0.28035847,0.34401181),(0.37473551,0.28117644,0.34408806),(0.37597377,0.27957032,0.34445591),(0.37460083,0.28132933,0.34406983),(0.37625160,0.27860547,0.34514292),(0.37475979,0.28102210,0.34421811),(0.37543944,0.28028491,0.34427565),(0.37473237,0.28107165,0.34419598),(0.37636159,0.27887820,0.34476021),(0.37578634,0.27987899,0.34433467),(0.37482010,0.28098041,0.34419949),(0.37601311,0.27953278,0.34445410),(0.37456966,0.28156312,0.34386721),(0.37478415,0.28080684,0.34440901),(0.37693801,0.27792805,0.34513394),(0.37464670,0.28141482,0.34393848),(0.37617207,0.27887401,0.34495393),(0.37483597,0.28084802,0.34431602),(0.37648929,0.27899729,0.34451342),(0.37473398,0.28100132,0.34426469),(0.37473236,0.28088768,0.34437996),(0.37467264,0.28137344,0.34395392),(0.37631879,0.27878743,0.34489378),(0.37655760,0.27868045,0.34476195),(0.37567467,0.27974828,0.34457705),(0.37619976,0.27886646,0.34493378),(0.37716168,0.27756363,0.34527469),(0.37475995,0.28096005,0.34427999),(0.37628293,0.27928598,0.34443108),(0.37625570,0.27945507,0.34428923),(0.37678041,0.27802807,0.34519152),(0.37583003,0.27978906,0.34438091),(0.37477169,0.28093110,0.34429721),(0.37479854,0.28076617,0.34443529),(0.37658002,0.27873321,0.34468676),(0.37485824,0.28045997,0.34468179),(0.37573591,0.28061561,0.34364848),(0.37460840,0.28151954,0.34387205),(0.37574604,0.27986164,0.34439232),(0.37572195,0.27990019,0.34437786),(0.37634390,0.27933410,0.34432199),(0.37591685,0.27934948,0.34473367),(0.37459509,0.28137845,0.34402645),(0.37584092,0.27997338,0.34418570),(0.37652546,0.27860855,0.34486599),(0.37645285,0.27899681,0.34455034),(0.37595566,0.27922632,0.34481802),(0.37598502,0.27956383,0.34445115),(0.37603502,0.27943319,0.34453178),(0.37577914,0.28012608,0.34409478),(0.37489341,0.28079230,0.34431429),(0.37458576,0.28154001,0.34387423),(0.37659831,0.27849767,0.34490402),(0.37700923,0.27775962,0.34523116),(0.37546804,0.28040446,0.34412750),(0.37472242,0.28109036,0.34418722),(0.37467523,0.28124109,0.34408368),(0.37622983,0.27886669,0.34490348),(0.37621277,0.27956185,0.34422538),(0.37463272,0.28130375,0.34406353),(0.37635579,0.27894498,0.34469922),(0.37493912,0.28043822,0.34462267),(0.37460824,0.28145797,0.34393379),(0.37674834,0.27827475,0.34497690),(0.37624138,0.27903610,0.34472252),(0.37540467,0.28060029,0.34399504),(0.37447765,0.28169688,0.34382547),(0.37604204,0.27924947,0.34470849),(0.37557416,0.28025376,0.34417207),(0.37614957,0.27893318,0.34491724),(0.37644143,0.27895131,0.34460726),(0.37654596,0.27877655,0.34467749),(0.37587589,0.27981809,0.34430602),(0.37626977,0.27902505,0.34470518),(0.37451925,0.28169684,0.34378390),(0.37572117,0.28007336,0.34420547))\n",
      "y_train = [120,3]((0.00000000,0.00000000,1.00000000),(1.00000000,0.00000000,0.00000000),(0.00000000,0.00000000,1.00000000),(1.00000000,0.00000000,0.00000000),(0.00000000,0.00000000,1.00000000),(0.00000000,1.00000000,0.00000000),(0.00000000,1.00000000,0.00000000),(0.00000000,0.00000000,1.00000000),(0.00000000,1.00000000,0.00000000),(0.00000000,0.00000000,1.00000000),(0.00000000,1.00000000,0.00000000),(0.00000000,0.00000000,1.00000000),(1.00000000,0.00000000,0.00000000),(0.00000000,1.00000000,0.00000000),(0.00000000,0.00000000,1.00000000),(1.00000000,0.00000000,0.00000000),(0.00000000,0.00000000,1.00000000),(0.00000000,0.00000000,1.00000000),(0.00000000,0.00000000,1.00000000),(1.00000000,0.00000000,0.00000000),(0.00000000,0.00000000,1.00000000),(0.00000000,0.00000000,1.00000000),(0.00000000,0.00000000,1.00000000),(0.00000000,1.00000000,0.00000000),(0.00000000,0.00000000,1.00000000),(0.00000000,0.00000000,1.00000000),(0.00000000,0.00000000,1.00000000),(1.00000000,0.00000000,0.00000000),(0.00000000,1.00000000,0.00000000),(1.00000000,0.00000000,0.00000000),(0.00000000,1.00000000,0.00000000),(0.00000000,0.00000000,1.00000000),(1.00000000,0.00000000,0.00000000),(0.00000000,0.00000000,1.00000000),(0.00000000,1.00000000,0.00000000),(1.00000000,0.00000000,0.00000000),(1.00000000,0.00000000,0.00000000),(0.00000000,1.00000000,0.00000000),(0.00000000,1.00000000,0.00000000),(0.00000000,1.00000000,0.00000000),(1.00000000,0.00000000,0.00000000),(0.00000000,0.00000000,1.00000000),(0.00000000,1.00000000,0.00000000),(0.00000000,0.00000000,1.00000000),(0.00000000,1.00000000,0.00000000),(1.00000000,0.00000000,0.00000000),(0.00000000,1.00000000,0.00000000),(1.00000000,0.00000000,0.00000000),(0.00000000,1.00000000,0.00000000),(1.00000000,0.00000000,0.00000000),(0.00000000,1.00000000,0.00000000),(1.00000000,0.00000000,0.00000000),(0.00000000,0.00000000,1.00000000),(0.00000000,1.00000000,0.00000000),(1.00000000,0.00000000,0.00000000),(0.00000000,1.00000000,0.00000000),(1.00000000,0.00000000,0.00000000),(1.00000000,0.00000000,0.00000000),(0.00000000,0.00000000,1.00000000),(1.00000000,0.00000000,0.00000000),(0.00000000,1.00000000,0.00000000),(1.00000000,0.00000000,0.00000000),(0.00000000,0.00000000,1.00000000),(1.00000000,0.00000000,0.00000000),(1.00000000,0.00000000,0.00000000),(1.00000000,0.00000000,0.00000000),(0.00000000,1.00000000,0.00000000),(0.00000000,0.00000000,1.00000000),(0.00000000,1.00000000,0.00000000),(0.00000000,1.00000000,0.00000000),(0.00000000,0.00000000,1.00000000),(1.00000000,0.00000000,0.00000000),(0.00000000,0.00000000,1.00000000),(0.00000000,0.00000000,1.00000000),(0.00000000,0.00000000,1.00000000),(0.00000000,1.00000000,0.00000000),(1.00000000,0.00000000,0.00000000),(1.00000000,0.00000000,0.00000000),(0.00000000,0.00000000,1.00000000),(1.00000000,0.00000000,0.00000000),(0.00000000,0.00000000,1.00000000),(1.00000000,0.00000000,0.00000000),(0.00000000,1.00000000,0.00000000),(0.00000000,1.00000000,0.00000000),(0.00000000,0.00000000,1.00000000),(0.00000000,1.00000000,0.00000000),(1.00000000,0.00000000,0.00000000),(0.00000000,1.00000000,0.00000000),(0.00000000,0.00000000,1.00000000),(0.00000000,0.00000000,1.00000000),(0.00000000,1.00000000,0.00000000),(0.00000000,1.00000000,0.00000000),(0.00000000,1.00000000,0.00000000),(0.00000000,1.00000000,0.00000000),(1.00000000,0.00000000,0.00000000),(1.00000000,0.00000000,0.00000000),(0.00000000,0.00000000,1.00000000),(0.00000000,0.00000000,1.00000000),(0.00000000,1.00000000,0.00000000),(1.00000000,0.00000000,0.00000000),(1.00000000,0.00000000,0.00000000),(0.00000000,1.00000000,0.00000000),(0.00000000,0.00000000,1.00000000),(1.00000000,0.00000000,0.00000000),(0.00000000,0.00000000,1.00000000),(1.00000000,0.00000000,0.00000000),(1.00000000,0.00000000,0.00000000),(0.00000000,0.00000000,1.00000000),(0.00000000,1.00000000,0.00000000),(0.00000000,1.00000000,0.00000000),(1.00000000,0.00000000,0.00000000),(0.00000000,1.00000000,0.00000000),(0.00000000,1.00000000,0.00000000),(0.00000000,1.00000000,0.00000000),(0.00000000,0.00000000,1.00000000),(0.00000000,0.00000000,1.00000000),(0.00000000,1.00000000,0.00000000),(0.00000000,0.00000000,1.00000000),(1.00000000,0.00000000,0.00000000),(0.00000000,1.00000000,0.00000000))\n",
      "out validation = [15,3]((0.37613277,0.27883993,0.34502731),(0.37612346,0.27890150,0.34497505),(0.37680602,0.27824107,0.34495291),(0.37598598,0.27980050,0.34421352),(0.37477790,0.28075222,0.34446988),(0.37468916,0.28116977,0.34414107),(0.37474924,0.28095338,0.34429738),(0.37466043,0.28137389,0.34396568),(0.37619358,0.27890344,0.34490297),(0.37644975,0.27932312,0.34422714),(0.37617622,0.27957973,0.34424404),(0.37481520,0.28090065,0.34428415),(0.37638527,0.27895351,0.34466122),(0.37668025,0.27834575,0.34497400),(0.37612196,0.27945657,0.34442148))\n",
      "y_validation = [15,3]((0.00000000,1.00000000,0.00000000),(0.00000000,1.00000000,0.00000000),(0.00000000,0.00000000,1.00000000),(0.00000000,1.00000000,0.00000000),(1.00000000,0.00000000,0.00000000),(1.00000000,0.00000000,0.00000000),(1.00000000,0.00000000,0.00000000),(1.00000000,0.00000000,0.00000000),(0.00000000,1.00000000,0.00000000),(0.00000000,0.00000000,1.00000000),(0.00000000,0.00000000,1.00000000),(1.00000000,0.00000000,0.00000000),(0.00000000,0.00000000,1.00000000),(0.00000000,0.00000000,1.00000000),(0.00000000,0.00000000,1.00000000))\n",
      "Error training: 1.11018723\n",
      "Error validation: 1.09365279\n",
      "\n",
      "----------Error End-------------\n",
      "\n",
      "------------Backward propagation------------\n",
      "In matrix 1:\n",
      "Ws_derivades[1] = [4,3]((1.66448108,-1.60035974,0.16566300),(0.92560176,-1.17026679,0.36830062),(2.97429733,-1.98089449,-0.86271226),(2.97461920,-1.88523452,-0.97342753))\n",
      "In matrix 0:\n",
      "Ws_derivades[0] = [5,3]((0.17113907,0.29013459,-0.03011268),(-0.03688792,0.17955981,0.15249018),(-0.01723026,-0.08591096,-0.00799138),(-0.01878750,0.32466648,0.20994544),(-0.11409766,0.19831671,0.24885535))\n",
      "\n",
      "Prev Ws:\n",
      "\tW[0] = [5,3]((-0.36846221,-0.04134987,-0.28104081),(0.17886472,0.43469290,0.01941637),(-0.46542789,0.02970019,-0.49230181),(-0.43315776,0.18677271,0.43043649),(0.02692878,0.15391896,0.20119059))\n",
      "    -0.36846221     -0.04134987     -0.28104081 \n",
      "     0.17886472      0.43469290      0.01941637 \n",
      "    -0.46542789      0.02970019     -0.49230181 \n",
      "    -0.43315776      0.18677271      0.43043649 \n",
      "     0.02692878      0.15391896      0.20119059 \n",
      "\n",
      "\tW[1] = [4,3]((0.26219804,-0.45253549,-0.17176577),(0.25641049,-0.13466133,0.48255029),(0.25335584,-0.42731412,0.38470713),(-0.06358859,-0.02226823,-0.22509316))\n",
      "     0.26219804     -0.45253549     -0.17176577 \n",
      "     0.25641049     -0.13466133      0.48255029 \n",
      "     0.25335584     -0.42731412      0.38470713 \n",
      "    -0.06358859     -0.02226823     -0.22509316 \n",
      "\n",
      "Ws_derivades:\n",
      "\tW_deriv[0] = [5,3]((0.17113907,0.29013459,-0.03011268),(-0.03688792,0.17955981,0.15249018),(-0.01723026,-0.08591096,-0.00799138),(-0.01878750,0.32466648,0.20994544),(-0.11409766,0.19831671,0.24885535))\n",
      "     0.17113907      0.29013459     -0.03011268 \n",
      "    -0.03688792      0.17955981      0.15249018 \n",
      "    -0.01723026     -0.08591096     -0.00799138 \n",
      "    -0.01878750      0.32466648      0.20994544 \n",
      "    -0.11409766      0.19831671      0.24885535 \n",
      "\n",
      "\tW_deriv[1] = [4,3]((1.66448108,-1.60035974,0.16566300),(0.92560176,-1.17026679,0.36830062),(2.97429733,-1.98089449,-0.86271226),(2.97461920,-1.88523452,-0.97342753))\n",
      "     1.66448108     -1.60035974      0.16566300 \n",
      "     0.92560176     -1.17026679      0.36830062 \n",
      "     2.97429733     -1.98089449     -0.86271226 \n",
      "     2.97461920     -1.88523452     -0.97342753 \n",
      "\n",
      "Post Ws:\n",
      "\tW[0] = [5,3]((-0.36846221,-0.04134987,-0.28104081),(0.17886472,0.43469290,0.01941637),(-0.46542789,0.02970019,-0.49230181),(-0.43315776,0.18677271,0.43043649),(0.02692878,0.15391896,0.20119059))\n",
      "    -0.36846221     -0.04134987     -0.28104081 \n",
      "     0.17886472      0.43469290      0.01941637 \n",
      "    -0.46542789      0.02970019     -0.49230181 \n",
      "    -0.43315776      0.18677271      0.43043649 \n",
      "     0.02692878      0.15391896      0.20119059 \n",
      "\n",
      "\tW[1] = [4,3]((0.26219804,-0.45253549,-0.17176577),(0.25641049,-0.13466133,0.48255029),(0.25335583,-0.42731412,0.38470713),(-0.06358859,-0.02226823,-0.22509316))\n",
      "     0.26219804     -0.45253549     -0.17176577 \n",
      "     0.25641049     -0.13466133      0.48255029 \n",
      "     0.25335583     -0.42731412      0.38470713 \n",
      "    -0.06358859     -0.02226823     -0.22509316 \n",
      "\n",
      "\n",
      "----------Backward propagation End----------\n",
      "\n",
      "*************************Epoch 3*************************\n",
      "\n",
      "-------------Forward propagation------------\n",
      "Salidas de las neuronas por cada dato: \n",
      "\n",
      "Matrix 0:\n",
      "     0.29273084      0.65565397      0.49491562 \n",
      "     0.34624676      0.53428881      0.37687527 \n",
      "     0.35417400      0.59455028      0.52405277 \n",
      "     0.33364728      0.52780983      0.36266558 \n",
      "     0.32650819      0.59166075      0.50141794 \n",
      "     0.33906353      0.59983656      0.47178504 \n",
      "     0.34167779      0.57102301      0.45800831 \n",
      "     0.32589465      0.63061818      0.50440359 \n",
      "     0.32104208      0.57552547      0.47314364 \n",
      "     0.32347775      0.60003647      0.48568955 \n",
      "     0.33684025      0.59402613      0.47151624 \n",
      "First 10 lines ...\n",
      "\n",
      "Matrix 1:\n",
      "     0.61583338      0.31364223      0.52755311 \n",
      "     0.61357852      0.32390945      0.52897459 \n",
      "     0.61545972      0.31735401      0.52744938 \n",
      "     0.61263715      0.32495747      0.52763543 \n",
      "     0.61394711      0.31853898      0.52511415 \n",
      "     0.61564631      0.31755765      0.52907099 \n",
      "     0.61428393      0.32022206      0.52739579 \n",
      "     0.61620173      0.31493982      0.52860879 \n",
      "     0.61307177      0.32033479      0.52449551 \n",
      "     0.61450280      0.31792699      0.52643568 \n",
      "     0.61516701      0.31816221      0.52826174 \n",
      "First 10 lines ...\n",
      "\n",
      "Salidas softmax del modelo: \n",
      "     0.37669026      0.27844821      0.34486153 \n",
      "     0.37489868      0.28061587      0.34448545 \n",
      "     0.37622636      0.27924381      0.34452982 \n",
      "     0.37474061      0.28105613      0.34420326 \n",
      "     0.37604925      0.27986630      0.34408446 \n",
      "     0.37603852      0.27910915      0.34485232 \n",
      "     0.37565599      0.27995025      0.34439376 \n",
      "     0.37650352      0.27856891      0.34492757 \n",
      "     0.37573479      0.28038021      0.34388500 \n",
      "     0.37607293      0.27955730      0.34436976 \n",
      "     0.37596750      0.27935906      0.34467344 \n",
      "First 10 lines ...\n",
      "\n",
      "-----------Forward propagation End----------\n",
      "\n",
      "------------Error---------------\n",
