{
   "errors_training" : [
      2.0896262333601832,
      2.0776277707931969,
      2.0688369013469399,
      2.0564028551859899,
      2.0459461737964979,
      2.0401918073277958,
      2.0396409266903941,
      2.042330701480128,
      2.0454561147831112,
      2.0475234218792808,
      2.0479166211543722,
      2.0458892166094893,
      2.0440521183298048,
      2.0415829947127451,
      2.0396037117867665,
      2.0393109389023976,
      2.0393488232554708,
      2.0395470272839047,
      2.0400667680726876,
      2.0407085163717977,
      2.0415508615411309,
      2.0426108788341057,
      2.0438382234531081,
      2.045220000239039,
      2.0467320375414801,
      2.0482904372483253,
      2.0498613854580121,
      2.0514110174827698,
      2.0528739554079691,
      2.054228453516636,
      2.055451728773722,
      2.0565251837550207,
      2.0574419683924994,
      2.0581921117408264,
      2.0587964378317412,
      2.0592527537769501,
      2.0595558460806469,
      2.0597440198361938,
      2.0598137871279429,
      2.0597610173721463,
      2.059628421300896,
      2.0594121994282273,
      2.059110205099834,
      2.0587622670024475,
      2.0583646470999986,
      2.0579156200801298,
      2.0574451697146614,
      2.0569496614557026,
      2.0564305962403338,
      2.0559129489500596,
      2.0554030363910609,
      2.0549138047822622,
      2.0544647764625177,
      2.0540652751310526,
      2.0537243976591433,
      2.0534409516523784,
      2.0532130650249378,
      2.0530371413975232,
      2.0528957444910563,
      2.0527897933244281,
      2.0527331043896155,
      2.0527312918222127,
      2.0528123209029867,
      2.0529983543324715,
      2.0532792291873205,
      2.0533406308035094,
      2.0534672239161158,
      2.0535740461401755,
      2.0537379803036533,
      2.053784074807623,
      2.0538280347802047,
      2.0538714847895227,
      2.0539108095099321,
      2.0539892787160108,
      2.054103734317581,
      2.0542447079283228,
      2.0542656229878187,
      2.0543090106580557,
      2.054352289389235,
      2.0543657294819595,
      2.0543996526700181,
      2.0544485245087456,
      2.0545093683903493,
      2.0545803843169668,
      2.0546565683787423,
      2.0547332836914713,
      2.0548058293857303,
      2.0548787417094023,
      2.0549378714718407,
      2.0549869045555407,
      2.0550116382139039,
      2.0550190731660631,
      2.0549916610135774,
      2.0549238233502596,
      2.0548471537160369,
      2.0547651194337786,
      2.0546525782135321,
      2.0545163296676834,
      2.0543503801262428,
      2.0541460085739827,
      2.0539039981817035,
      2.0536250383781089,
      2.0533111854743828,
      2.0529619898399605,
      2.0525783659537291,
      2.0524703658656529,
      2.0523525862962426,
      2.0522027311660191,
      2.0520199452348877,
      2.0518049963068332,
      2.0515586355146618,
      2.0512828472533529,
      2.0509811070620021,
      2.0506574930972823,
      2.0503174961699413,
      2.0499660353952254,
      2.0496078698303291,
      2.0492463275203541,
      2.0489691089151023,
      2.0486917653746075,
      2.0484224973715293,
      2.0481446960916094,
      2.0478801170266845,
      2.0478784162638344,
      2.0478943523763107,
      2.0479287167320419,
      2.0479819968182187,
      2.0480654295292466,
      2.0481668652587866,
      2.0482015658998547,
      2.048253265052121,
      2.0482954026982165,
      2.0482929017382201,
      2.0482774739400798,
      2.0482726514854321,
      2.0482525584092763,
      2.0482506192891479,
      2.0482306516201576,
      2.048239697488619,
      2.0482287630892935,
      2.0482382569859343,
      2.0482419595108325,
      2.0482250838094247,
      2.0482497341205286,
      2.0482463909162947,
      2.0482357858140992,
      2.048212760039354,
      2.048177136323913,
      2.0481139125080108,
      2.0480375073737758,
      2.0479979637815053,
      2.0479422663067104,
      2.0478905226233386,
      2.047821100306729,
      2.0477285555487796,
      2.0476591252806253,
      2.0475672443884783,
      2.0474530819247505,
      2.0473381190524558,
      2.0471960242520204,
      2.0471165869634276,
      2.0470221169100489,
      2.0469217145985774,
      2.0468132458506871,
      2.0466642540035838,
      2.0465409813019244,
      2.0464169943807486,
      2.0462846163855639,
      2.0461031077947895,
      2.0458899849695897,
      2.0456235374770668,
      2.0453526371262973,
      2.0450159064433833,
      2.0446126615318327,
      2.0441171972920524,
      2.0437393814838392,
      2.0432928850646461,
      2.0428438764025771,
      2.0422940459972212,
      2.041605018414141,
      2.0407503398471656,
      2.0399374300013795,
      2.03890726021974,
      2.0377481876781731,
      2.0362810864230387,
      2.0344374211208374,
      2.0321242863418583,
      2.0292315036728317,
      2.0256068170703481,
      2.0221552410356969
   ],
   "errors_validation" : [
      2.0239526705105124,
      2.0101389296636216,
      1.9995830258298535,
      1.9834888152319607,
      1.9671578432394881,
      1.9544830331420562,
      1.9467702713110462,
      1.9428534648174371,
      1.9408618900072145,
      1.9404796115171177,
      1.9414535796079173,
      1.942705798062943,
      1.9437103892268479,
      1.9459190838027289,
      1.9493890311176536,
      1.9493853455665164,
      1.9497260694172824,
      1.9499616496314054,
      1.9505436025992233,
      1.9512222342071235,
      1.9521265366614424,
      1.9533319264761027,
      1.9547229238442354,
      1.9563445782253692,
      1.9582245858864382,
      1.9601771326292021,
      1.9622038488284104,
      1.9642867551591661,
      1.9662742411249508,
      1.968168232860604,
      1.9699559066969832,
      1.9715816529029684,
      1.9730582552632598,
      1.9743869646675325,
      1.9755761739466424,
      1.9766335394566215,
      1.9775549729877917,
      1.9783674803672524,
      1.979058927109647,
      1.9796030560561229,
      1.9800284255921154,
      1.9802964970911843,
      1.9803520847695057,
      1.9802280412155837,
      1.9798596962752331,
      1.9791690923441323,
      1.978206809424395,
      1.9769038933270715,
      1.9752012258520366,
      1.9731953248757672,
      1.9708724536827735,
      1.9682670707880245,
      1.9655210726860446,
      1.9627317090951892,
      1.9600705847791688,
      1.9576765813814008,
      1.9557550100742214,
      1.9545343794101981,
      1.9540183184952227,
      1.9543196001718237,
      1.9554691405594276,
      1.9572308046623534,
      1.9594851724882156,
      1.9620328476446274,
      1.9646000955942,
      1.9645011511889625,
      1.9643499744259676,
      1.9645107088790068,
      1.9646497866508916,
      1.9646211906453088,
      1.96460206979296,
      1.9645767043085725,
      1.9645695369856078,
      1.9645823631821884,
      1.9646302197834908,
      1.9647450519950085,
      1.9647706910565206,
      1.9648477121509966,
      1.9649353115379065,
      1.9649534712045675,
      1.9650511676401645,
      1.9651986351520017,
      1.9653880511439499,
      1.9656168696056315,
      1.9658682288020248,
      1.9661319269330813,
      1.9664013995196896,
      1.966693323196294,
      1.9669676045957487,
      1.9672401811946518,
      1.9674783371603572,
      1.9677042725976517,
      1.967879465350477,
      1.9679977717739709,
      1.9678671524923985,
      1.9677472787897381,
      1.9675840277110737,
      1.9673899566419479,
      1.967154061037983,
      1.9668653482900531,
      1.9665307838243455,
      1.9661586202614325,
      1.9657561063810558,
      1.9653385241597321,
      1.9649140697872338,
      1.9647574566746375,
      1.964591355824973,
      1.9644271623997718,
      1.9642684756856308,
      1.964130362178742,
      1.9639939511961175,
      1.9638713350028614,
      1.9637713257248182,
      1.9636947866272851,
      1.9636384682894656,
      1.9635982536674461,
      1.9635666683345649,
      1.9635265020820882,
      1.9635673361535666,
      1.9635624981437285,
      1.9635107818518986,
      1.9633296519371541,
      1.9630610991769166,
      1.9629028399345241,
      1.9626628387601064,
      1.9623551820350396,
      1.9619968397555572,
      1.961606748857279,
      1.9612009857979646,
      1.961185190178282,
      1.9611512005411056,
      1.9611741756818661,
      1.9610157062821365,
      1.960920556479451,
      1.9607926541088743,
      1.9607232477123191,
      1.9606864801685717,
      1.9606920510125121,
      1.9607462806556364,
      1.9608009467933478,
      1.9608944187813309,
      1.9610503631642431,
      1.9611327166127013,
      1.9614479024620999,
      1.961721059026128,
      1.9619302127289586,
      1.9620718931421586,
      1.962116490436778,
      1.9618604804872697,
      1.9615481640845336,
      1.9614660848093006,
      1.9613848902413529,
      1.9613421148177153,
      1.9613015052396729,
      1.9612665394979445,
      1.9611948612002783,
      1.9611108995571005,
      1.961006613155645,
      1.9608614067069956,
      1.9607075783153007,
      1.9605878093262454,
      1.9604806272987831,
      1.9604064031542143,
      1.9603448998919837,
      1.9602956505806883,
      1.9601681667167061,
      1.9599782477376346,
      1.9598385789438104,
      1.9596748260105978,
      1.9594659329284663,
      1.9592556407077872,
      1.9592592011020473,
      1.9591753181328366,
      1.9589292300149428,
      1.9584123880291713,
      1.9578028561849963,
      1.9570527641858788,
      1.9563289499776508,
      1.955682228387746,
      1.9551758744239591,
      1.9547796076684327,
      1.9542317092569212,
      1.9534472461688452,
      1.952291634329357,
      1.9508092982293868,
      1.9492361677311194,
      1.9477559231828494,
      1.9460804020829034,
      1.9434425908770532,
      1.9407831897449606
   ],
   "output_testing" : [
      [
         0.076513169073548964,
         0.092385265332958655,
         0.099114415166055014,
         0.076664277439625381,
         0.10216630304581649,
         0.10242461385688829,
         0.1469395462622782,
         0.10974556403038618,
         0.076576940300278826,
         0.11746990549216402
      ],
      [
         0.077661934296712962,
         0.096543716432944932,
         0.12299289293281868,
         0.07782170490214535,
         0.10209839209474013,
         0.10366352406911823,
         0.11802718233209118,
         0.11068630204701518,
         0.077742814139388383,
         0.11276153675302493
      ],
      [
         0.077864899644057725,
         0.099465678542165981,
         0.14212635837587406,
         0.078032279877355837,
         0.10132673329020032,
         0.10248106983991596,
         0.10141302979509317,
         0.11157880183546243,
         0.077958946117368144,
         0.10775220268250646
      ],
      [
         0.077794136875370734,
         0.09809890937623128,
         0.13341137469412143,
         0.077959260625730734,
         0.10176574521389203,
         0.10323585968533852,
         0.10850761057893635,
         0.11105300095212632,
         0.077882517151491068,
         0.1102915848467614
      ],
      [
         0.077715324732844093,
         0.099664896529068181,
         0.14705982561759615,
         0.077881696130448694,
         0.10087744302265853,
         0.10252803058678857,
         0.098606041443769818,
         0.11082474524050434,
         0.077810868965654645,
         0.10703112773066696
      ],
      [
         0.077575982938727542,
         0.10035462523997965,
         0.1534037827031455,
         0.077742849731122735,
         0.10032515766318233,
         0.10211262006122253,
         0.094861091341247802,
         0.11038787467546103,
         0.077674723741067001,
         0.10556129190484403
      ],
      [
         0.077628421467928171,
         0.096098186277398218,
         0.11864849978361978,
         0.077788583420727933,
         0.10237320099769674,
         0.10322788040291284,
         0.12197847459650775,
         0.11131091752927136,
         0.077707683475920927,
         0.11323815204801628
      ],
      [
         0.077726874745217098,
         0.097736288213115349,
         0.13103557307638086,
         0.077892741990620906,
         0.10184004301731547,
         0.10359015643578864,
         0.11079532068911109,
         0.11054579037047832,
         0.077814067235191034,
         0.11102314422678115
      ],
      [
         0.077814977916658049,
         0.098905436973512909,
         0.1394678584515395,
         0.077980864525771063,
         0.10139739815040882,
         0.10298671395031524,
         0.10368429177945522,
         0.11102394677746004,
         0.077906562765246601,
         0.10883194870963273
      ],
      [
         0.07780991966371123,
         0.09834505936542963,
         0.13651373117617169,
         0.077972271451162381,
         0.10153273827058658,
         0.10330249576738157,
         0.106089735748536,
         0.110814964164442,
         0.077898564947190052,
         0.10972051944538903
      ],
      [
         0.077377440871036735,
         0.095273220553250007,
         0.1145908593953605,
         0.077536219186819674,
         0.10225403199508414,
         0.10373102703427349,
         0.12702469054230334,
         0.11018100503948469,
         0.077453264005113279,
         0.11457824137727418
      ],
      [
         0.077805137008913075,
         0.099689489522595223,
         0.14460174830900785,
         0.077973717112897495,
         0.10112463579270613,
         0.10254689728722297,
         0.099954780618593864,
         0.11108143639275501,
         0.077900363656733529,
         0.10732179429857495
      ],
      [
         0.076605150810507214,
         0.09267633040247894,
         0.10174795648798153,
         0.076757329943991343,
         0.10209279139496268,
         0.10328965018913921,
         0.14372170210275939,
         0.10906491026892802,
         0.076670571866934031,
         0.11737360653231774
      ],
      [
         0.077447082429364808,
         0.095260294160780523,
         0.11337391114053127,
         0.077603933321305371,
         0.10235054746238838,
         0.10338002294961243,
         0.12784069562778055,
         0.11080924301619106,
         0.077522176176485408,
         0.1144120937155601
      ],
      [
         0.077683297608796345,
         0.099346834805532969,
         0.14517985336389919,
         0.077850954495969446,
         0.10101296230280868,
         0.10288711950169292,
         0.099904405464724441,
         0.11060397785042371,
         0.077777953112046314,
         0.107752641494106
      ],
      [
         0.076917724829296569,
         0.093558806804201325,
         0.10442178643184037,
         0.077073376394522303,
         0.10235826398495604,
         0.10292800889455246,
         0.13925487553186941,
         0.11022016971376675,
         0.076986572101346143,
         0.11628041531364862
      ],
      [
         0.077683589534855893,
         0.09972490877790792,
         0.14801069875827028,
         0.077848727172750889,
         0.10075190684019023,
         0.1025165156282231,
         0.09802956325738027,
         0.11068832563260871,
         0.07777911953108381,
         0.10696664486672887
      ],
      [
         0.077885527838910798,
         0.098137654726088153,
         0.13201573988811413,
         0.078050409208225008,
         0.10191209716327332,
         0.10304466446276607,
         0.10919638107199997,
         0.11156385713685521,
         0.077973444953217952,
         0.11022022355054935
      ],
      [
         0.076304749102471162,
         0.091894889433429244,
         0.098264750359217223,
         0.076455827263502515,
         0.10202755527723908,
         0.10277807041999677,
         0.14880197216202343,
         0.10897550665032751,
         0.076367319467307376,
         0.1181293598644856
      ],
      [
         0.077647769945303438,
         0.096434174018845506,
         0.12107376339000059,
         0.077808621885503568,
         0.1022131399868085,
         0.10366866261729091,
         0.11967309607773345,
         0.11072205539803959,
         0.07772818231600008,
         0.11303053436447455
      ],
      [
         0.076229917403323119,
         0.091648928655849698,
         0.098958226525947476,
         0.076378104434343924,
         0.10175796197604141,
         0.10361879656354096,
         0.14864426167966002,
         0.10777513108814231,
         0.076291311019571068,
         0.11869736065358005
      ],
      [
         0.076925468626913088,
         0.093583477400110804,
         0.10561280386282143,
         0.077078811541239092,
         0.10218840745760506,
         0.10349258701383654,
         0.13814559760520109,
         0.10951252768328479,
         0.076994039427131677,
         0.1164662793818565
      ],
      [
         0.07783373291064366,
         0.097978689340383132,
         0.12860265875957083,
         0.078007200093611645,
         0.10221317938309034,
         0.10317929502277125,
         0.11195383807264406,
         0.11164908567453895,
         0.077923087720433756,
         0.1106592330223124
      ],
      [
         0.077869505131066774,
         0.097443565317453892,
         0.1263505038313012,
         0.07802989949366837,
         0.10207939535257225,
         0.10307690269777775,
         0.11412114294561196,
         0.11151405725611591,
         0.077952963831942335,
         0.11156206414248952
      ],
      [
         0.077679168499875176,
         0.099988488779564885,
         0.14861199597161801,
         0.07784896939922191,
         0.10083195197477372,
         0.10245472301939144,
         0.097472788822940609,
         0.11074925192925483,
         0.077776739973464792,
         0.10658592162989462
      ],
      [
         0.077644325714828405,
         0.096462807685977786,
         0.1221726906236099,
         0.077804161060849905,
         0.10213171477167847,
         0.10357337000342433,
         0.11881099037615286,
         0.11074580259263826,
         0.077724904690949212,
         0.11292923247989074
      ],
      [
         0.077869440756952152,
         0.097675386291746519,
         0.12834377906209796,
         0.07803312761633302,
         0.10211343601958539,
         0.1028666771177548,
         0.11215243668927723,
         0.11212952176338072,
         0.077955756317554539,
         0.11086043836531774
      ],
      [
         0.077722051223343441,
         0.098349288934757875,
         0.13546288096945983,
         0.077893753279806258,
         0.10167368118646095,
         0.10350980838763897,
         0.10718338182641605,
         0.11049863365831243,
         0.077813082922200558,
         0.1098934376116035
      ],
      [
         0.077727179079279077,
         0.097151299517891948,
         0.12661622304517819,
         0.077889383866590417,
         0.1019989949993866,
         0.103754066093398,
         0.11455299681946135,
         0.11051127498504082,
         0.077810569630081955,
         0.11198801196369179
      ],
      [
         0.077805791441482322,
         0.09746937057413492,
         0.12680399322896416,
         0.077970841539619529,
         0.10210411924140388,
         0.1032732746960334,
         0.11392818340233568,
         0.11128370331272278,
         0.077890854063296308,
         0.11146986850000698
      ],
      [
         0.077774622849749397,
         0.098905586900464804,
         0.14016647899068252,
         0.07794134315892963,
         0.10138621146121915,
         0.10301276548427434,
         0.10328633576094634,
         0.11090163307743305,
         0.077866846205184637,
         0.10875817611111617
      ],
      [
         0.077776728093648009,
         0.098007797230768967,
         0.13320981260023812,
         0.077941898722472813,
         0.10166594276158156,
         0.10353554590954102,
         0.10890305826370078,
         0.11059521384324925,
         0.077864362836174261,
         0.11049963973862544
      ],
      [
         0.077853521937299219,
         0.097380704092712836,
         0.12584534683239545,
         0.078014492861418691,
         0.10221568652666413,
         0.10299831683759508,
         0.11436772459623028,
         0.11177510292923189,
         0.077937343709106294,
         0.11161175967734606
      ],
      [
         0.077103085102019658,
         0.094374769147870297,
         0.1112125609648984,
         0.077259818282650591,
         0.10217742593149212,
         0.10395557348326911,
         0.13169075317605872,
         0.10934572246449628,
         0.077175791449240819,
         0.11570449999800379
      ],
      [
         0.077743743256445272,
         0.098160935077647268,
         0.13501826175993001,
         0.077910061476237163,
         0.10161527786857287,
         0.10360777535402113,
         0.10752413116340089,
         0.11043252077505614,
         0.077832776345005711,
         0.11015451692368357
      ],
      [
         0.077702598499875028,
         0.098468493273005345,
         0.13753505948528516,
         0.077871519653640586,
         0.1014967773002738,
         0.10355142609416858,
         0.10557314400870968,
         0.11042126121836895,
         0.077794002726416123,
         0.10958571774025662
      ],
      [
         0.077239207894309478,
         0.094646178377798346,
         0.1096445630230926,
         0.077398017416751536,
         0.10246414007035208,
         0.1032041054151881,
         0.13232578135438755,
         0.1105860409309305,
         0.0773124913338539,
         0.11517947418333578
      ],
      [
         0.076745565973496715,
         0.093028735737937032,
         0.1037382775606777,
         0.076897286147268332,
         0.10211152597615986,
         0.10320551970682681,
         0.14098706015141332,
         0.10949137333452133,
         0.076812368996805755,
         0.11698228641489312
      ],
      [
         0.077587719565760715,
         0.095951568990816069,
         0.1170882443758449,
         0.077745944649390969,
         0.10230136831853623,
         0.10332121125899174,
         0.12360484954749126,
         0.11102845839651042,
         0.077665516123507153,
         0.11370511877315057
      ],
      [
         0.077846434206205642,
         0.098879073475007753,
         0.13891469547169027,
         0.078011738546256856,
         0.10148394856225264,
         0.10288644706484718,
         0.10392684345135542,
         0.11129661018243596,
         0.077937824011333881,
         0.10881638502861439
      ],
      [
         0.077773042507471246,
         0.097393762117826521,
         0.12745399588769196,
         0.077937383043114483,
         0.10205723120564984,
         0.10341586962937895,
         0.11348010866657508,
         0.11113709329479654,
         0.077858186422828476,
         0.11149332722466684
      ],
      [
         0.077676706132601747,
         0.097664957266650046,
         0.13204016863816714,
         0.07784234814543857,
         0.10168365507187735,
         0.10396133637093385,
         0.11028064557626377,
         0.10999901228117563,
         0.077763602566358905,
         0.11108756795053304
      ],
      [
         0.0777963090072116,
         0.0979137870146113,
         0.13105339557948456,
         0.077963171257512551,
         0.1019255508209776,
         0.10320238822674331,
         0.11032804740938189,
         0.11129541143874924,
         0.077884272507052488,
         0.11063766673827538
      ],
      [
         0.077436545851584965,
         0.10076477448334248,
         0.15876440934536845,
         0.077600963059947903,
         0.099835909469360495,
         0.10172232495595293,
         0.091948908251442835,
         0.11011418406831987,
         0.077537130515962352,
         0.10427484999871783
      ],
      [
         0.077745340332724608,
         0.099670064453380933,
         0.14577143307716794,
         0.077914726241263499,
         0.1010220529446529,
         0.10254513662002609,
         0.09939759209149962,
         0.11095819306045814,
         0.077841420338986819,
         0.10713404083983953
      ],
      [
         0.077784775726656347,
         0.097202586279936734,
         0.12839324138843369,
         0.077942991837720937,
         0.10190985369194272,
         0.10338897627490787,
         0.11297269142849652,
         0.11102558626234071,
         0.077868149732214578,
         0.11151114737735002
      ],
      [
         0.077823785506561938,
         0.097863480252772472,
         0.13079920012141244,
         0.077987353500780163,
         0.10186300709484822,
         0.10332713495641656,
         0.11065801618718681,
         0.11091842995087299,
         0.077909981400690664,
         0.11084961102845771
      ],
      [
         0.077752464994189377,
         0.096725644137706707,
         0.12084403780519121,
         0.077915027300360998,
         0.10233234119000378,
         0.10323089424330513,
         0.11942245408032726,
         0.11135299073607047,
         0.077833626836980724,
         0.11259051867586431
      ],
      [
         0.076917673134719838,
         0.093751516106006738,
         0.10503084719014401,
         0.077078450233941498,
         0.10242116307779704,
         0.10330009640299084,
         0.1385949085255315,
         0.10982686247415478,
         0.076988065884189966,
         0.11609041697052377
      ],
      [
         0.077754490756537023,
         0.097140383258957685,
         0.12439812874216848,
         0.07792010193468675,
         0.10225730210317159,
         0.10336325685220552,
         0.11605309199306389,
         0.11127596928106494,
         0.077838601703041702,
         0.11199867337510254
      ],
      [
         0.077898083329487014,
         0.096599171543985063,
         0.1189383332752466,
         0.078056300006781876,
         0.10267601241834204,
         0.10246912698515998,
         0.11993242669724105,
         0.113161426058399,
         0.077978141599907472,
         0.11229097808544995
      ],
      [
         0.077777910299564088,
         0.098042600471421673,
         0.13247416394125122,
         0.077942427154083033,
         0.10167967324991434,
         0.10351138765367766,
         0.10960320395133484,
         0.1103905358332775,
         0.077864980560619426,
         0.11071311688485613
      ],
      [
         0.077737102665329294,
         0.09815143934121652,
         0.13456878107182005,
         0.077902150215721278,
         0.10154768434354887,
         0.10349743038638114,
         0.10797890320912033,
         0.1104345118376116,
         0.077825736011411517,
         0.11035626091783932
      ],
      [
         0.077690029763317903,
         0.099050450924484459,
         0.14453839311025229,
         0.077853365334276198,
         0.10101149467827701,
         0.10311185675633475,
         0.10044108375896321,
         0.11050771845223799,
         0.077783055176520677,
         0.1080125520453355
      ],
      [
         0.077563846708845183,
         0.099924504827088867,
         0.15163414442138856,
         0.077729066487262605,
         0.10040478144550824,
         0.10259112603808226,
         0.096181865512381434,
         0.10990983415885515,
         0.077660619415116164,
         0.10640021098547142
      ],
      [
         0.077504548005982263,
         0.095713918716450005,
         0.11593982184885875,
         0.077662991941521167,
         0.10225199931550402,
         0.10351256627367839,
         0.12516617885569056,
         0.11052072159416186,
         0.077581290264463282,
         0.11414596318368958
      ],
      [
         0.077266028086913241,
         0.094815589974649964,
         0.11254119179495652,
         0.077421781291212674,
         0.1021708326153975,
         0.10375009577500065,
         0.12963905443271095,
         0.10983838561010018,
         0.077339485203552952,
         0.11521755521550532
      ],
      [
         0.077759494948745345,
         0.097518756002267198,
         0.12799047911365802,
         0.077924616091157292,
         0.10194039774027154,
         0.10366652644612478,
         0.11325695591522024,
         0.11049077051352227,
         0.077844433763717094,
         0.11160756946531612
      ],
      [
         0.077821926353310422,
         0.097436428276039461,
         0.12757873373033887,
         0.07798446926403807,
         0.10209363596282267,
         0.10327573466281541,
         0.11316711305927758,
         0.11136389296979964,
         0.077906682354028839,
         0.111371383367529
      ],
      [
         0.077828820892485912,
         0.09854181242873826,
         0.1363743526319017,
         0.077994854333163138,
         0.10158429246156769,
         0.10319603527119794,
         0.1060412094205737,
         0.11099567296079126,
         0.077918875483074357,
         0.10952407411650601
      ],
      [
         0.077030105255648379,
         0.093852630777510021,
         0.10825616698144852,
         0.077182028635809904,
         0.10218276437534164,
         0.10365673916750949,
         0.13490454484760275,
         0.10963004498464023,
         0.077099821257790246,
         0.11620515371669886
      ],
      [
         0.077765305396397505,
         0.097367920415673617,
         0.12738515651249588,
         0.077929545484394111,
         0.10205301845699913,
         0.1034750831517729,
         0.11368922517891925,
         0.11095163128108805,
         0.077850286753732623,
         0.11153282736852704
      ],
      [
         0.077654040252047085,
         0.096528097981974842,
         0.12216805441263433,
         0.07781493500597457,
         0.10217187590267453,
         0.1035478159128974,
         0.1187403338150171,
         0.11082797681984946,
         0.07773509825927416,
         0.11281177163765653
      ],
      [
         0.077547718812442032,
         0.096137764603863196,
         0.11969635550845026,
         0.077709038028233243,
         0.10213606495653331,
         0.10387666447748058,
         0.12158012085868507,
         0.11017632601747843,
         0.077627032367407228,
         0.11351291436942652
      ],
      [
         0.077661667416779614,
         0.096993479890318784,
         0.12693545119163588,
         0.077823274992429858,
         0.10187870086283418,
         0.10373581957207306,
         0.1148726115636745,
         0.11018107174169293,
         0.07774460622464445,
         0.11217331654391691
      ],
      [
         0.077776149372706674,
         0.099817972261262961,
         0.14612780210383666,
         0.077944861617102595,
         0.10101495499836824,
         0.10233386548364003,
         0.098852602145717255,
         0.11133709314372986,
         0.077872379454012791,
         0.106922319419623
      ],
      [
         0.077829145060289359,
         0.098022384007846006,
         0.1322771201841095,
         0.077993863220676404,
         0.10178140590090377,
         0.10337042429743178,
         0.10933587507384188,
         0.11105109009211203,
         0.077916749670031968,
         0.11042194249275741
      ],
      [
         0.077131422132144495,
         0.094287628599516629,
         0.10967761071104962,
         0.077285773900111029,
         0.10207316389557483,
         0.10386482170773778,
         0.13338492744236152,
         0.10926175430159514,
         0.077202255614856524,
         0.11583064169505244
      ],
      [
         0.077735933797039705,
         0.097450516634216749,
         0.12890092412169912,
         0.077900037599114763,
         0.10191071559900192,
         0.10354566618936244,
         0.11255531022452693,
         0.11074883541351231,
         0.077821343699927936,
         0.11143071672159814
      ],
      [
         0.077775932875141479,
         0.099149016724179584,
         0.1420820874842397,
         0.077942564537841805,
         0.1012657353032102,
         0.10285537224976328,
         0.10188033652871528,
         0.11092975773276642,
         0.077868991177678121,
         0.10825020538646397
      ],
      [
         0.077362429728912815,
         0.095075115763343654,
         0.1125054095829881,
         0.077519911758863275,
         0.10231924628669521,
         0.10344379990932411,
         0.12910959532503077,
         0.11042787943830548,
         0.077436782469323812,
         0.11479982973721267
      ],
      [
         0.077783304558827468,
         0.097768230521343938,
         0.1305544185747089,
         0.077947537797570049,
         0.10186564944337977,
         0.10355251148590847,
         0.11083344368919587,
         0.11079713790592924,
         0.077869633787255546,
         0.11102813223588066
      ],
      [
         0.077303920313558247,
         0.095024676993166426,
         0.11347640650499591,
         0.07746203097086922,
         0.10221809397489234,
         0.10384544423316898,
         0.12849192188852809,
         0.10987747310727117,
         0.077378680738019762,
         0.11492135127552965
      ],
      [
         0.076885282980416497,
         0.093569391837812987,
         0.10617132967102216,
         0.077039459743341226,
         0.10210961515462307,
         0.10357831592767903,
         0.13789320207961817,
         0.10924469893127078,
         0.076954206801268368,
         0.11655449687294761
      ],
      [
         0.077770220284208838,
         0.09699169783389118,
         0.12557693383698024,
         0.077929872377564532,
         0.10208846685914767,
         0.10338417306866816,
         0.11522970107801907,
         0.11118158581740333,
         0.077852803359879569,
         0.11199454548423729
      ],
      [
         0.077578928049839568,
         0.095693012702583347,
         0.11720806026255499,
         0.077733507024823956,
         0.10227484351390816,
         0.1035001436761657,
         0.12354325055807952,
         0.11091576614388612,
         0.077655287459088729,
         0.11389720060906992
      ],
      [
         0.077255791635471679,
         0.094827748417200527,
         0.11002291892770831,
         0.077417926167968526,
         0.10248415445339339,
         0.10329674135665062,
         0.13189553392805151,
         0.11050228329694076,
         0.077330201150356076,
         0.11496670066625858
      ],
      [
         0.077775403154355396,
         0.09943479421014996,
         0.14394970693067621,
         0.07794270868077896,
         0.10113129913675264,
         0.10267793003417318,
         0.10051430752216003,
         0.11105008593966248,
         0.077869912099462466,
         0.1076538522918286
      ],
      [
         0.076740818969331576,
         0.093079412771542303,
         0.10329538539861506,
         0.07689312075177436,
         0.10210982502215932,
         0.10317084697586555,
         0.14150320376779812,
         0.1094165453051637,
         0.076807551128218951,
         0.11698328990953114
      ],
      [
         0.077570184174751811,
         0.095830651018451687,
         0.11827495716804678,
         0.0777264258797805,
         0.10221526540256336,
         0.10351439026308777,
         0.12278066478220909,
         0.11070212695456945,
         0.077647447879552675,
         0.11373788647698678
      ],
      [
         0.077297924249673911,
         0.095073780132640839,
         0.1146831548835093,
         0.077454823404357123,
         0.1021254866573503,
         0.10393588096930656,
         0.12740887547407415,
         0.10967983893673078,
         0.077372919036913179,
         0.11496731625544394
      ],
      [
         0.077811468269191789,
         0.0974435633894572,
         0.12717459054307884,
         0.077974893424077374,
         0.10207208894913862,
         0.10347806377025995,
         0.11359482141603992,
         0.11100002235049533,
         0.077895835966396182,
         0.11155465192186483
      ],
      [
         0.077200478650206697,
         0.094520098093637026,
         0.1123935088840621,
         0.077353210447792364,
         0.10206944149602083,
         0.10390671423226561,
         0.13022176649698519,
         0.10950804267196707,
         0.077272711915833167,
         0.11555402711123013
      ],
      [
         0.077183121334771607,
         0.094663283089412437,
         0.11121979684724724,
         0.077342842348647592,
         0.10224192589510515,
         0.10398874305581621,
         0.13126352702586735,
         0.10945872498266991,
         0.077256669229966921,
         0.11538136619049548
      ]
   ],
   "output_training" : [
      [
         0.076857681579894921,
         0.092940277231178953,
         0.10173319342310821,
         0.077010438905423417,
         0.10234940811800636,
         0.10253860939582292,
         0.144048532630562,
         0.10932424158556252,
         0.076923191233827848,
         0.11627442589661281
      ],
      [
         0.077727766246855165,
         0.096348795205666207,
         0.12214772150123106,
         0.07788802277652683,
         0.10213098221518467,
         0.10355861488454482,
         0.11988591677519302,
         0.10987336609850337,
         0.077808208459555231,
         0.11263060583673964
      ],
      [
         0.077984052511534285,
         0.099023954634419098,
         0.13838093548683755,
         0.07815210797380634,
         0.10155857410169036,
         0.10253583002936688,
         0.10492440970950505,
         0.11088074818913769,
         0.078076818146454285,
         0.1084825692172483
      ],
      [
         0.077865546758404847,
         0.097736219950207592,
         0.13093201219468525,
         0.07803101841960719,
         0.10187735741792141,
         0.10319247651314482,
         0.11152158409896648,
         0.1102576528566524,
         0.077952887423472117,
         0.11063324436693767
      ],
      [
         0.077860119517947399,
         0.099219992574899565,
         0.14287996379289386,
         0.078027516647306894,
         0.10116221434159535,
         0.10262107664557307,
         0.10217117318674193,
         0.110199602384109,
         0.077954422999499742,
         0.10790391790943313
      ],
      [
         0.077756976586625531,
         0.099928903748516554,
         0.14890246440448462,
         0.077925579145537133,
         0.10067421247626962,
         0.10226128659122935,
         0.098259989736762351,
         0.10985406660156168,
         0.077854732330189788,
         0.10658178837882325
      ],
      [
         0.077721361220636442,
         0.096062432389983882,
         0.11889148846147733,
         0.077882436445055062,
         0.10238487689849601,
         0.10313820138031801,
         0.12276969220492279,
         0.11049957869639752,
         0.077800809381362857,
         0.11284912292135006
      ],
      [
         0.077793522532981607,
         0.097431529189792851,
         0.12911954681435275,
         0.077959794418151943,
         0.10191880607581029,
         0.10351278805697406,
         0.11342081707921074,
         0.10975781554534907,
         0.077879916404554342,
         0.11120546388282246
      ],
      [
         0.077912297835849298,
         0.098521110009846993,
         0.13644763453811443,
         0.078078735794524526,
         0.10156411845680223,
         0.10298884158178659,
         0.10682998128590987,
         0.11028663261793779,
         0.078002830180963184,
         0.1093678176982652
      ],
      [
         0.077893782485303528,
         0.09799598656005018,
         0.13392839158828307,
         0.078056629481766573,
         0.10166223635819779,
         0.10326746930928457,
         0.1090413779558244,
         0.11005643063728704,
         0.077981504228000834,
         0.11011619139600197
      ],
      [
         0.07749681446818979,
