{
   "errors_training" : [
      2.1237280824285718,
      2.0850459660999414,
      2.0626884447174492,
      2.041681929816741,
      2.0255300487063659,
      2.0186974972662823,
      2.0093186913682768,
      2.0059767028090985
   ],
   "errors_validation" : [
      2.2824884879323144,
      2.2442675288892056,
      2.2167087342060205,
      2.1876342692085475,
      2.1663838863250175,
      2.1532250320917941,
      2.1405043598340665,
      2.1310758270463932
   ],
   "output_testing" : [
      [
         0.057637426506318847,
         0.093279527331168635,
         0.091562212742447871,
         0.067510065503208483,
         0.13669496918053539,
         0.092843567662599921,
         0.14708160169242518,
         0.10976610333952554,
         0.067642427539817959,
         0.13598209850195211
      ],
      [
         0.056655503891088928,
         0.094707552496503006,
         0.086806095605984096,
         0.068966332060327026,
         0.14170642042591541,
         0.091030938759759109,
         0.14147655966298409,
         0.11310693074430851,
         0.06789136299852605,
         0.13765230335460366
      ],
      [
         0.057078502916140132,
         0.093218321651276914,
         0.085975192509100559,
         0.067349295977849444,
         0.14017548283151832,
         0.091271709687511068,
         0.14378363650026543,
         0.11119626354435133,
         0.069637278649758341,
         0.1403143157322285
      ],
      [
         0.054487390071279736,
         0.094013474649540199,
         0.077513613814051266,
         0.069962597305516877,
         0.14856849669118943,
         0.092672934436579146,
         0.13632429361570803,
         0.11841694162226948,
         0.070950167747143952,
         0.13709009004672174
      ],
      [
         0.058122664722911707,
         0.092563403207106751,
         0.097336490719367869,
         0.06730754754662184,
         0.13122658823070138,
         0.094986055619812951,
         0.15037645589007115,
         0.10835751760601885,
         0.066439433404213627,
         0.13328384305317378
      ],
      [
         0.05758559100600863,
         0.093254583761360005,
         0.095229685390817706,
         0.069502692848353378,
         0.13575865929330494,
         0.091778150961714378,
         0.14504843100156742,
         0.11412938426540076,
         0.065832651648351906,
         0.13188016982312092
      ],
      [
         0.056329755187430559,
         0.095808105339189709,
         0.084023957915013284,
         0.070264864555152101,
         0.14692084900002117,
         0.087993916241628653,
         0.13617782460544273,
         0.11512652755557007,
         0.068302856534012649,
         0.13905134306653899
      ],
      [
         0.05477246415308306,
         0.094988049582829789,
         0.081733489989649924,
         0.070727725042862635,
         0.14447858304215694,
         0.09383827275968358,
         0.13964936118566001,
         0.1183650377753538,
         0.067748148397729094,
         0.13369886807099116
      ],
      [
         0.056418144257071513,
         0.092137771889206216,
         0.082682319200270304,
         0.06860128495993871,
         0.14457844271422535,
         0.090210415502689739,
         0.13870361115903199,
         0.11643946937975087,
         0.071008926258258387,
         0.13921961467955676
      ],
      [
         0.05407516925756984,
         0.09475330676041728,
         0.075221085636580309,
         0.071313602065801812,
         0.15262262616149133,
         0.089785961466253963,
         0.13139098017498238,
         0.12054820475544017,
         0.071652566419076552,
         0.13863649730238636
      ],
      [
         0.056128046790931856,
         0.093518110876666241,
         0.084669956696535181,
         0.06937665578740064,
         0.14278073030093766,
         0.091723448908348257,
         0.14052087729140411,
         0.11631360567116268,
         0.068692950459454061,
         0.13627561721715925
      ],
      [
         0.051007503547070017,
         0.1025118027890999,
         0.060693915665373216,
         0.080552933251053116,
         0.17530644743857865,
         0.072753063212380953,
         0.10347364627647142,
         0.12349161820187068,
         0.078794185956151216,
         0.15141488366195083
      ],
      [
         0.057528518079608917,
         0.090125953446745261,
         0.089524279107725591,
         0.067087531296548472,
         0.13509920644530143,
         0.094312572842113598,
         0.14713558091121876,
         0.11292349561013143,
         0.069984929602249973,
         0.13627793265835658
      ],
      [
         0.055164913994431145,
         0.096871258059461868,
         0.082652985683837679,
         0.071737898900673377,
         0.1458520730392501,
         0.090167009719112998,
         0.13650601973272047,
         0.11752557664661058,
         0.067119966745436577,
         0.13640229747846525
      ],
      [
         0.053797206404881642,
         0.092561214786828827,
         0.075433328744455769,
         0.07092651838461328,
         0.14809888160136964,
         0.092642065700523801,
         0.1350333045434578,
         0.12352630559447107,
         0.071731177565043588,
         0.13624999667435467
      ],
      [
         0.055118985107227479,
         0.098387180264309065,
         0.085303754519151703,
         0.07530428410010033,
         0.14999769521815587,
         0.087951753402645258,
         0.13178187140551878,
         0.12029630662560105,
         0.06499162409715882,
         0.13086654526013161
      ],
      [
         0.055978031915081321,
         0.097925209278163061,
         0.08337736921872714,
         0.07164714413235404,
         0.14971878325088209,
         0.086542154872190802,
         0.13344136740200904,
         0.1152368214763811,
         0.067290035803348011,
         0.13884308265086348
      ],
      [
         0.054685965923126093,
         0.091829570000070249,
         0.075428011277408238,
         0.069715798042235391,
         0.14964861555398121,
         0.089288136158371653,
         0.13305238454066157,
         0.12156678468622911,
         0.073972882585993147,
         0.14081185123192344
      ],
      [
         0.056894424781332595,
         0.091662098507440185,
         0.087016940822510533,
         0.066443392960503611,
         0.13559329276986765,
         0.095824978919095749,
         0.14862516451857657,
         0.11040335186155247,
         0.069821726987621277,
         0.13771462787149957
      ],
      [
         0.054888640796336916,
         0.093445449785464638,
         0.078800101087621297,
         0.070147262547363365,
         0.14678431098371514,
         0.09167432333928309,
         0.13625973265744407,
         0.11930412140001631,
         0.070921281964227756,
         0.1377747754385274
      ],
      [
         0.053072518513693684,
         0.10087187375689217,
         0.073474088767110576,
         0.077234529370152391,
         0.16057952025167302,
         0.083389690747622119,
         0.122988028603674,
         0.12310698551056401,
         0.067802966887828178,
         0.13747979759078985
      ],
      [
         0.056176440306180457,
         0.090993731742146131,
         0.083979365970708666,
         0.068465707040055543,
         0.14068014201162574,
         0.093146139999750799,
         0.14257308617025055,
         0.11800705604679744,
         0.070175841096425343,
         0.13580248961605945
      ],
      [
         0.05431529798080649,
         0.090922415454698424,
         0.0746032443216368,
         0.071042741484468472,
         0.1476526606893116,
         0.088306542946403582,
         0.13158053450828397,
         0.12607895318772974,
         0.074391938440058772,
         0.14110567098660215
      ],
      [
         0.056912790347937635,
         0.097858208721810322,
         0.088094102615908498,
         0.071814297908663505,
         0.14715479862278222,
         0.086169878150486448,
         0.13429845197940629,
         0.11394576368949574,
         0.066285061650301597,
         0.13746664631320774
      ],
      [
         0.057166129653933362,
         0.091289300458879438,
         0.081830729592417509,
         0.068936334733864846,
         0.14550753272217218,
         0.084489922170575951,
         0.13538837257166705,
         0.11930381555241194,
         0.072079167414765,
         0.14400869512931269
      ],
      [
         0.054470061573103523,
         0.092060386114530449,
         0.072783879814650676,
         0.070435183662661327,
         0.15418897218685254,
         0.084963092721557137,
         0.12808148609140638,
         0.12375484448333873,
         0.075374831686447638,
         0.14388726166545163
      ],
      [
         0.056564822422585315,
         0.09271101686808432,
         0.086533593816574592,
         0.069101372869475888,
         0.13923819723060915,
         0.091446576811277464,
         0.14219995753420697,
         0.11669728762042406,
         0.068492447003936613,
         0.13701472782282559
      ],
      [
         0.056815126438699952,
         0.092047513165623471,
         0.084931736112646802,
         0.067917404023041417,
         0.14168195614317233,
         0.091426505927453799,
         0.14192435234683728,
         0.11433338884450883,
         0.07028825521112389,
         0.13863376178689221
      ],
      [
         0.057082014752003633,
         0.091110977256988218,
         0.085638710210522009,
         0.067049785584173155,
         0.13938546570837307,
         0.092465202562280691,
         0.14462070241085301,
         0.11317849647736009,
         0.070721809277477565,
         0.13874683575996849
      ],
      [
         0.058083605707087232,
         0.092765153489016636,
         0.097771760811570324,
         0.068127880692657752,
         0.1327307770096334,
         0.09406804399493103,
         0.14821661049470516,
         0.11004189878332619,
         0.066102959847415946,
         0.13209130916965639
      ],
      [
         0.057439239824193203,
         0.091398979226084753,
         0.090415641581835127,
         0.06688903864533019,
         0.13493554926455298,
         0.095181214719247245,
         0.14865917240346357,
         0.11074804689032845,
         0.068784953776064223,
         0.13554816366890018
      ],
      [
         0.054492627583142071,
         0.10096612849907063,
         0.078896992981757286,
         0.074088349083812177,
         0.15358657976606116,
         0.086074704490523693,
         0.12899270952338229,
         0.1167951501532444,
         0.066862614309159726,
         0.13924414360984655
      ],
      [
         0.057977536496030671,
         0.094130834668050251,
         0.091190022973129531,
         0.067917259359292423,
         0.13849694441440488,
         0.090193060137029837,
         0.1438036871082386,
         0.1094704619081428,
         0.06787590617568294,
         0.13894428675999801
      ],
      [
         0.053697806064230497,
         0.10524693162043849,
         0.075338104436371872,
         0.07714308885158698,
         0.1626339265123693,
         0.08198752360102457,
         0.12111731228022062,
         0.11616841768044386,
         0.066338158539633652,
         0.14032873041368035
      ],
      [
         0.05169472023054078,
         0.10141473874235589,
         0.069938085042841561,
         0.079979304120718131,
         0.16351438662483875,
         0.084236920728144135,
         0.11938484563241862,
         0.12597585977765355,
         0.06841424475804643,
         0.13544689434244211
      ],
      [
         0.056424070529172067,
         0.091442683043801015,
         0.085197850435219519,
         0.067558610780126788,
         0.13912945772742932,
         0.095128672330396347,
         0.14467990734083563,
         0.11398478086608815,
         0.070172068078024216,
         0.13628189886890696
      ],
      [
         0.054265676079998479,
         0.097933830669320765,
         0.080257839727004024,
         0.073571612632897507,
         0.14897134643552493,
         0.090078876291568619,
         0.1336919279458231,
         0.11994460056116887,
         0.066708612516974353,
         0.13457567713971927
      ],
      [
         0.059822916428944405,
         0.090720478810316585,
         0.10819316444886647,
         0.065945923625340019,
         0.12410005437896521,
         0.095887636796592082,
         0.15671680860952991,
         0.1023289889649672,
         0.065930217374204819,
         0.13035381056227333
      ],
      [
         0.051692973253160503,
         0.099878347526305866,
         0.06719876189117413,
         0.076570928006007552,
         0.16462927918525622,
         0.084076046951133562,
         0.11864637889005177,
         0.12335968764617204,
         0.072730022513000453,
         0.14121757413773792
      ],
      [
         0.058071334527357098,
         0.091862371186994363,
         0.097912012141012764,
         0.067329807954847887,
         0.13085112681242869,
         0.095725088413118387,
         0.15118924074045728,
         0.10927597994808468,
         0.066337754341511401,
         0.1314452839341875
      ],
      [
         0.055197294817050394,
         0.095624449293871663,
         0.083899338987122221,
         0.072014916016789429,
         0.14636167751575074,
         0.091076094851420125,
         0.13722768195875368,
         0.1194856630672298,
         0.066610335226469405,
         0.13250254826554253
      ],
      [
         0.056317972526445541,
         0.10323412495585578,
         0.092049060990594664,
         0.0738428424878457,
         0.14638952234363442,
         0.08748791027060146,
         0.13453787883059101,
         0.11019840634403609,
         0.062887136998604209,
         0.13305514425179124
      ],
      [
         0.057186209978786651,
         0.091949731514647762,
         0.084759790746564048,
         0.066783437258380388,
         0.14127733759946501,
         0.091266954517085233,
         0.14346879748805491,
         0.11136916195354134,
         0.07107863693601936,
         0.14085994200745536
      ],
      [
         0.054951229319211425,
         0.094589510260752907,
         0.078344445038704719,
         0.070350462689477436,
         0.14882316841033535,
         0.089886495075366127,
         0.13453881334476447,
         0.11833980637169976,
         0.07072349563845072,
         0.13945257385123719
      ],
      [
         0.054833023018213703,
         0.091779864340445633,
         0.079433158489478142,
         0.070261610284413051,
         0.14402883755632198,
         0.092540819586786074,
         0.13798509912395523,
         0.12245342499504315,
         0.070621938708141957,
         0.13606222389720116
      ],
      [
         0.056029599848320476,
         0.09625819727410817,
         0.08345343246213717,
         0.069559233917554475,
         0.14556743962205923,
         0.089897999432800579,
         0.13843048175708281,
         0.11331175594168433,
         0.068325737739090134,
         0.13916612200516251
      ],
      [
         0.05680370608071926,
         0.091896826214911798,
         0.084941630031432652,
         0.067020231334327968,
         0.13957531961316258,
         0.092976200409443696,
         0.14474745489097521,
         0.11236561043096112,
         0.070475108162524794,
         0.13919791283154082
      ],
      [
         0.055796689931232948,
         0.094722722416366076,
         0.082322709555407589,
         0.069010650563250148,
         0.1440844957001961,
         0.091481312251518884,
         0.13956999876736681,
         0.11443250510694851,
         0.069368987470597179,
         0.13920992823711598
      ],
      [
         0.055865750657910662,
         0.095970585072059758,
         0.079432825831722551,
         0.069423102407647652,
         0.15025889864316977,
         0.086495864466111544,
         0.13419153183273058,
         0.11454254283501475,
         0.070326037595044855,
         0.1434928606585878
      ],
      [
         0.057760228934780153,
         0.090462410555728318,
         0.093328597303648828,
         0.066609848346200637,
         0.13176748896498341,
         0.096546903455487415,
         0.15146086239224868,
         0.11032952086600571,
         0.068250619366041487,
         0.13348351981487538
      ],
      [
         0.055499425552166005,
         0.097784156949243153,
         0.088701701821076173,
         0.075724272516694086,
         0.1465357890307106,
         0.088705925937163227,
         0.13259851068040102,
         0.12035605332713877,
         0.064404327371219094,
         0.12968983681418778
      ],
      [
         0.055286572406591586,
         0.094376026675137878,
         0.079289719490319946,
         0.069775560461686495,
         0.14696507528896538,
         0.089589412110141584,
         0.13622634123770663,
         0.11759587259241906,
         0.070513926532157906,
         0.1403814932048735
      ],
      [
         0.056170790799576431,
         0.091486901371810647,
         0.081317729144745998,
         0.068398198348502276,
         0.14491529092477437,
         0.090436362991007574,
         0.13884658167376282,
         0.11757276398507752,
         0.071758958999525946,
         0.13909642176121645
      ],
      [
         0.053836266030409849,
         0.092980212657202091,
         0.079118800809853063,
         0.072765451726135313,
         0.14795650236010935,
         0.09548201234689789,
         0.13555695128868578,
         0.12435899775107831,
         0.068891011967671681,
         0.12905379306195666
      ],
      [
         0.055673175995287601,
         0.09655838687102368,
         0.083290566293812637,
         0.070727732256860132,
         0.14697985603813579,
         0.089645249914711511,
         0.13685296204449759,
         0.11556792996898124,
         0.067522345244758322,
         0.13718179537193145
      ],
      [
         0.057379027574697997,
         0.095016257603538101,
         0.094823621320144186,
         0.069288702340422753,
         0.13668573003481749,
         0.092517729903030616,
         0.14509479794257157,
         0.11127928692642386,
         0.065399103274236953,
         0.13251574308011643
      ],
      [
         0.056730741667890619,
         0.093637684955468925,
         0.08900808824683086,
         0.068810212125853809,
         0.13953320043931139,
         0.09338821162633984,
         0.14404002064074423,
         0.11339988145104175,
         0.067436090102838589,
         0.13401586874367996
      ],
      [
         0.05765659914628328,
         0.095340528102650327,
         0.091012343908449894,
         0.067399099965685078,
         0.13724709327937887,
         0.09158454333904345,
         0.14599677991374377,
         0.10716047657681109,
         0.067212268499012101,
         0.13939026726894232
      ],
      [
         0.05681458303839379,
         0.090657670358043466,
         0.084287765238278911,
         0.065817262132641802,
         0.13585983275596022,
         0.09529272462401972,
         0.14763584066518054,
         0.11040822290166284,
         0.072201107297971578,
         0.14102499098784735
      ],
      [
         0.050356288121217348,
         0.10262798342957359,
         0.063940151041941826,
         0.082207889445179316,
         0.17100104733250884,
         0.080913216147512707,
         0.11109000945898287,
         0.12656183464289267,
         0.072471232891805723,
         0.1388303474883851
      ],
      [
         0.051815171075138354,
         0.094820976076118474,
         0.067523204956340246,
         0.075390336853670969,
         0.16048235689602411,
         0.086430168196394805,
         0.12130391929044736,
         0.12854995342128675,
         0.075020407834316113,
         0.13866350540026273
      ],
      [
         0.057594377723093448,
         0.092183482673353273,
         0.0939715434293244,
         0.068145472616659708,
         0.13466919933715399,
         0.094311546496511189,
         0.14729430081821313,
         0.11205256281605561,
         0.067035763540206114,
         0.13274175054942916
      ],
      [
         0.055423498255697236,
         0.10328908721250064,
         0.082932867413273048,
         0.07475014114029585,
         0.15414248429361935,
         0.083851587747463541,
         0.1279707850950543,
         0.11364630019567809,
         0.065050460379597802,
         0.13894278826682024
      ],
      [
         0.057340822667730461,
         0.097554844549127787,
         0.090177340566823014,
         0.069658179771798875,
         0.14206383988721971,
         0.088425039356525653,
         0.13984640712899749,
         0.10988667567687313,
         0.066214711404707194,
         0.1388321389901967
      ],
      [
         0.054722684429040498,
         0.094519154271465303,
         0.081126089261247522,
         0.070149335979918639,
         0.14278351598138284,
         0.094688199426192013,
         0.14054411141954334,
         0.11789666068376246,
         0.068471713700108461,
         0.13509853484733891
      ],
      [
         0.054541820653617061,
         0.097659107661431349,
         0.079384486315792327,
         0.071486246979416371,
         0.14951201487377952,
         0.091176180126492548,
         0.13482738150804185,
         0.11618904842168985,
         0.068234268875265458,
         0.13698944458447382
      ],
      [
         0.056486259108594214,
         0.097751583759233221,
         0.088643718503798999,
         0.068845104772074867,
         0.14017831629577729,
         0.092256484255710244,
         0.14390545224071341,
         0.10895144982250904,
         0.065953965233194647,
         0.137027666008394
      ],
      [
         0.050512962107257732,
         0.094821582547897992,
         0.062640254537557255,
         0.077172932974302152,
         0.1617194473290775,
         0.083698547432537809,
         0.11499203260864418,
         0.13054222914477401,
         0.08011827908018046,
         0.14378173223777099
      ],
      [
         0.054591949242115766,
         0.092209313209337604,
         0.079465988240026014,
         0.069856131785350911,
         0.14399433581213181,
         0.095129873298858747,
         0.13968446928218678,
         0.12057118808041137,
         0.070268455320226672,
         0.13422829572935427
      ],
      [
         0.057132896838373977,
         0.093644517020005508,
         0.090261187207472587,
         0.068130313671633622,
         0.13744578386772477,
         0.093234642152142722,
         0.14552269017711211,
         0.11146904430004237,
         0.067413032346484131,
         0.13574589241900822
      ],
      [
         0.057792617250488142,
         0.089984474152143959,
         0.094023253689303574,
         0.065699722876738156,
         0.12894066764133086,
         0.099791835412482308,
         0.15431140017098571,
         0.10718521812064111,
         0.068883116997034116,
         0.13338769368885206
      ],
      [
         0.057560249119049403,
         0.092960671512357235,
         0.09951601343026116,
         0.068558611553419982,
         0.13183592138596781,
         0.096262241032520804,
         0.14992449086475718,
         0.11086876776500178,
         0.064833639592824871,
         0.12767939374383969
      ],
      [
         0.058078436362701408,
         0.092275519959404598,
         0.093989351214511949,
         0.066944124265165564,
         0.13395325675440742,
         0.094048753840230745,
         0.1491933344211496,
         0.10849003279798432,
         0.067679708132138902,
         0.13534748225230553
      ],
      [
         0.058378859855872017,
         0.098946233189756802,
         0.099199855837196427,
         0.070748925729256826,
         0.13899004815737676,
         0.088080613689935,
         0.13994543816527172,
         0.10733995048034138,
         0.064090137826797997,
         0.13427993706819491
      ],
      [
         0.056525874731792082,
         0.093715862990446111,
         0.089986701034466252,
         0.068665274465995643,
         0.13651158928819238,
         0.095417562510466875,
         0.14616848840918176,
         0.11289707024456837,
         0.066848872097218306,
         0.1332627042276722
      ],
      [
         0.058144489327626343,
         0.091911011478157847,
         0.096565322205172485,
         0.066579882029538892,
         0.13117338030268916,
         0.096164395450333492,
         0.15221747473224373,
         0.10721760363225842,
         0.06699229181189803,
         0.13303414903008151
      ],
      [
         0.058220490513432248,
         0.095453452765101462,
         0.097283275857898366,
         0.067676026205817127,
         0.1339695335493592,
         0.092588621631658513,
         0.14811247041044323,
         0.10572336587580884,
         0.065616714010995322,
         0.1353560491794856
      ],
      [
         0.057856392009487577,
         0.095748113543991778,
         0.092557098983034408,
         0.068319293628507902,
         0.13869614438890404,
         0.090205897656719825,
         0.14399061226840623,
         0.10831534417438106,
         0.06654974799269843,
         0.13776135535386888
      ],
      [
         0.057565154110540945,
         0.092452351976555006,
         0.097976099953661008,
         0.068461409798783845,
         0.13052168601875211,
         0.095288458230447501,
         0.1500348564310279,
         0.11233760472115095,
         0.065327355912858029,
         0.13003502284622284
      ],
      [
         0.058526050006253667,
         0.091737320739200434,
         0.098931671092451448,
         0.066666888172585578,
         0.12996782167041382,
         0.095688022126284716,
         0.15230270753084904,
         0.10673742649341578,
         0.066733238974543321,
         0.13270885319400216
      ],
      [
         0.05557108579904841,
         0.10027664176356091,
         0.089668769400906234,
         0.076043355383135225,
         0.14892214142883523,
         0.087420087883587003,
         0.13236350246528789,
         0.11759820551306002,
         0.063306311047997957,
         0.12882989931458108
      ],
      [
         0.054842296414076376,
         0.096566455336886708,
         0.077669872385766392,
         0.070409401928316184,
         0.15072488527571787,
         0.088426097068262252,
         0.13378044127099301,
         0.11648547489625299,
         0.069912166026024181,
         0.14118290939770409
      ],
      [
         0.054053725617697577,
         0.10412286978597947,
         0.077177091743649937,
         0.074615443612792917,
         0.15709470314158955,
         0.0848051976473473,
         0.12698093291838269,
         0.11428821271060426,
         0.066167650131612965,
         0.14069417269034343
      ],
      [
         0.057688944209747219,
         0.088956643502400443,
         0.087897289661373626,
         0.066428888648720263,
         0.13550302226809741,
         0.093650955337130845,
         0.14724082082677284,
         0.11325276580272073,
         0.071469704380014057,
         0.13791096536302253
      ]
   ],
   "output_training" : [
      [
         0.060076387306016318,
         0.087318551703887262,
         0.11666753273688689,
         0.066939216109858687,
         0.13461283541287242,
         0.10099469861157613,
         0.16156270669824385,
         0.093505035832673514,
         0.064306465068917296,
         0.11401657051906768
      ],
      [
         0.059577168591880163,
         0.088840040055101543,
         0.11141342410383094,
         0.068275961938821142,
         0.13879310920930663,
         0.099489062099068659,
         0.15702015898563473,
         0.095800968827543145,
         0.064568110190462658,
         0.11622199599835038
      ],
      [
         0.060073914099203117,
         0.087629405578055014,
         0.10981131604063325,
         0.066731294110407846,
         0.13725563620787043,
         0.099846224823339685,
         0.15991918977478609,
         0.094362965804671919,
         0.065948234751354945,
         0.11842181880967763
      ],
      [
         0.058539322435487082,
         0.088085955613628503,
         0.10147536785176051,
         0.068126323154579185,
         0.14293810449922648,
         0.10100609917118326,
         0.15617185517152873,
         0.098592045387903005,
         0.066900235529728805,
         0.11816469118497451
      ],
      [
         0.06005733533716149,
         0.08668395231884797,
         0.12095109281999251,
         0.066888731117168976,
         0.13147880083242097,
         0.10236858553010672,
         0.16266394006824267,
         0.093176428623781019,
         0.063617365129591416,
         0.11211376822268612
      ],
      [
         0.059605273387344858,
         0.088151007216712138,
         0.11895140369693015,
         0.069140128395525233,
         0.13573252245057604,
         0.099773360652214357,
         0.15773511328550396,
         0.096566657443312859,
         0.062960619943240356,
         0.11138391352864008
      ],
      [
         0.059638898810932615,
         0.090134861851959014,
         0.10890176313697247,
         0.069558577967646626,
         0.14283018494748234,
         0.096754183780215317,
         0.15246329875206288,
         0.097392821250978173,
         0.064738913935353665,
         0.11758649556639669
      ],
      [
         0.058281157431740359,
         0.088675452856044418,
         0.10718098757961043,
         0.068998801698475359,
         0.14005109163728183,
         0.10182161206174849,
         0.15766194459645391,
         0.098429912230583602,
         0.064425913415917552,
         0.11447312649214397
      ],
      [
         0.059921739100012805,
         0.087248953267858281,
         0.10701792195389338,
         0.067898402209821282,
         0.14038054829309357,
         0.09867274996833586,
         0.15608211088157189,
         0.097895088266851699,
         0.066697593491572588,
         0.11818489256698864
      ],
      [
         0.058453433462140679,
         0.089226449455915346,
         0.098614820629917041,
         0.069121591860434595,
         0.14647648991389342,
         0.098526118171227597,
         0.15199081247594606,
         0.099987172454589046,
         0.067350563337239863,
         0.12025254823869648
      ],
      [
         0.05938065859275353,
         0.087887354880472335,
         0.11095261637253462,
         0.068378473548441038,
         0.13838697084023002,
         0.10030766736648522,
         0.15767646605867858,
         0.097233970732973102,
         0.064801234536864594,
         0.11499458707056688
      ],
      [
         0.055891799163345864,
         0.09840789834656001,
         0.072495897316176963,
         0.074770545196988378,
         0.1720847099549502,
         0.081010832067794483,
         0.12249870180144515,
         0.10508913887667587,
         0.075407499402844691,
         0.14234297787321856
      ],
      [
         0.060172447917293877,
         0.085491599761978385,
         0.11389045473476038,
         0.066617976142049354,
         0.13313233144580844,
         0.10255039153261725,
         0.16220874068987384,
         0.095295208059288733,
         0.065897126927978736,
         0.11474372278835097
      ],
      [
         0.058511275294552079,
         0.09099503475254668,
         0.10760016427896303,
         0.070302018847507447,
         0.14207726526132089,
         0.099007444469768169,
         0.15346077988600365,
         0.098000189389481476,
         0.063863936417536474,
         0.11618189140232013
      ],
      [
         0.058032767629462127,
         0.08765360378753638,
         0.10022947763099249,
         0.068793041912747349,
         0.14200042928048456,
         0.10159474239140141,
         0.15616881623770609,
         0.1010476984326011,
         0.066803209208881081,
         0.11767621348818744
      ],
      [
         0.058364514092108778,
         0.092239123753984104,
         0.1121936062582322,
         0.073787814657257145,
         0.14547059335632431,
         0.096526044896163399,
         0.14788036160427642,
         0.10042291207272985,
         0.062083598846689805,
         0.11103143046223415
      ],
      [
         0.059292674742499191,
         0.092088005423273514,
         0.1082082606737598,
         0.070965347029032511,
         0.14562734811187986,
         0.095469989319103332,
         0.14932423287423507,
         0.097638445452246425,
         0.063931558737152783,
         0.11745413763681764
      ],
      [
         0.059042617485629237,
         0.08746351309645746,
         0.099136813177899463,
         0.068010884444857464,
         0.14339449841780161,
         0.098721811230295151,
         0.15432848385904083,
         0.09998999654393767,
         0.068558130396109432,
         0.12135325134797172
      ],
      [
         0.059789892693814295,
         0.085715259652834733,
         0.11075688677597786,
         0.065603283829955242,
         0.13308106027571567,
         0.10360853850986618,
         0.1649034191478323,
         0.093707642142293851,
         0.066255615427947959,
         0.11657840154376187
      ],
      [
         0.0588684541350806,
         0.088051200714063721,
         0.10393747683450189,
         0.068361538362052346,
         0.1410342198139862,
         0.10064952867214456,
         0.15617119818455022,
         0.098596632951063301,
         0.066497228443290618,
         0.11783252188926656
      ],
      [
         0.057132811553122838,
         0.095410445621410239,
         0.096407489569685922,
         0.074463317391216796,
         0.15432180597484754,
         0.093490266082221218,
         0.14301507110458048,
         0.10215921148597601,
         0.06396854129727618,
         0.1196310399196627
      ],
      [
         0.059451153716495259,
         0.086013722716689944,
         0.11037923436959032,
         0.067452838860519698,
         0.13602587203242017,
         0.10184057419081083,
         0.16069291050039414,
         0.097816413666382773,
         0.065654454240434992,
         0.11467282570626165
      ],
      [
         0.058535180798672447,
         0.088004128012477034,
         0.09781723027051667,
         0.069564418885535814,
         0.14264052520939585,
         0.098328648212592823,
         0.1520625277996257,
         0.10287042909833749,
         0.068334090762627628,
         0.12184282095021857
      ],
      [
         0.05979422321454797,
         0.092208732385095152,
         0.11263233476840301,
         0.071727090088354012,
         0.14456901783007153,
         0.094705406843570955,
         0.14789386106491306,
         0.097548518111661681,
         0.063269346473620397,
         0.11565146921976231
      ],
      [
         0.060359886244599294,
         0.088171614018265121,
         0.10492493353452977,
         0.069162553900354973,
         0.14233902250778049,
         0.094343043179162672,
         0.1518947710130171,
         0.1004545748685402,
         0.066904990543440762,
         0.12144461019030971
      ],
      [
         0.058925403130024652,
         0.088646037290963819,
         0.094363495125567035,
         0.069051397382689145,
         0.14850487850729724,
         0.094596005154856971,
         0.14900901463884941,
         0.10226451324009397,
         0.069514117098764344,
         0.1251251384308934
      ],
      [
         0.05948790145897484,
         0.087637847370040725,
         0.11206597159701176,
         0.06829370128320629,
         0.13613709722723791,
         0.10036286600530624,
         0.1585055757932361,
         0.09742116299430563,
         0.064651139996997967,
         0.11543673627368249
      ],
      [
         0.060022506619200069,
         0.086872585380853434,
         0.1096022796104313,
         0.067309109801908448,
         0.13801803300740292,
         0.099778986204262302,
         0.15859723318919877,
         0.096476055790859563,
         0.066184326466621785,
         0.11713888392926143
      ],
      [
         0.060138048471193625,
         0.08601977611194539,
         0.11003016273687934,
         0.066471358229006502,
         0.13605054308038608,
         0.10080498076120793,
         0.16128887747835272,
         0.095555975218705944,
         0.066511049058689362,
         0.11712922885363314
      ],
      [
         0.060064295892419586,
         0.086896967789968679,
         0.1224418891313421,
         0.067695144363672494,
         0.13239006195294453,
         0.10153851742036317,
         0.16066624520335301,
         0.094248779418541692,
         0.06321930951191479,
         0.11083878931548011
      ],
      [
         0.060042827240902888,
         0.085623047125566676,
         0.11528866032522464,
         0.066241298758251049,
         0.13267930884527587,
         0.10286307185202069,
         0.16377266648241745,
         0.094194049069547162,
         0.065228120188818586,
         0.11406695011197497
      ],
      [
         0.058215376289126215,
         0.094604106275694697,
         0.10221589044149917,
         0.072172255391856746,
         0.14898506597312111,
         0.095253705667886657,
         0.14653309257133215,
         0.09830268546169374,
         0.063893537232899936,
         0.11982428469488951
      ],
      [
         0.060499700572050598,
         0.088564846222469226,
         0.1149003811751789,
         0.067723670703690661,
         0.13716931949449301,
         0.098372297260568051,
         0.15729955108806007,
         0.094142869208063751,
         0.064662143181789949,
         0.1166652210936356
      ],
      [
         0.057803753605454519,
         0.098522012831569666,
         0.097265765712150232,
         0.075213358837605784,
         0.15768609026353245,
         0.090726333886276003,
         0.1378810259365833,
         0.099279447342504948,
         0.063579670197360605,
         0.12204254138696247
      ],
      [
         0.056142699421475373,
         0.09640651484040838,
         0.09169132153520268,
         0.076385064265279495,
         0.15797915431563264,
         0.093336686221711707,
         0.13952386044426532,
         0.10435472688136778,
         0.064348759600237462,
         0.1198312124744192
      ],
      [
         0.059606237501713261,
         0.085790420224566497,
         0.10974073599030741,
         0.066632417800529462,
         0.13556551083020704,
         0.10293140993767461,
         0.1616872325710236,
         0.096102206628983278,
         0.066313463845031964,
         0.11563036466996279
      ],
      [
         0.057866373685712763,
         0.091912984806683876,
         0.1050703567422811,
         0.071568047238018143,
         0.14470175165512561,
         0.098721987040846976,
         0.1514238552216515,
         0.09954921975381395,
         0.063572826108035038,
         0.11561259774783106
      ],
      [
         0.060858346555865389,
         0.085462571834474144,
         0.12862289734973931,
         0.065665117244932444,
         0.12752482057153741,
         0.10280869403503659,
         0.1659874255284412,
         0.089837732191437994,
         0.063261879160873141,
         0.10997051552766235
      ],
      [
         0.056660435766715533,
         0.094602695685226737,
         0.08588713323964503,
         0.072049265834246756,
         0.15894593834775383,
         0.093013268211315031,
         0.14046188870568932,
         0.10205036430947534,
         0.068774846708175727,
         0.12755416319175661
      ],
      [
