{
   "errors_training" : [
      2.0912368405883037,
      2.0882003827357707,
      2.0853949575144513,
      2.0806582309282904,
      2.0744670100198719,
      2.0674013191854179,
      2.060062023493912,
      2.052965432244275,
      2.0465162587284755,
      2.0409915550629929,
      2.0365466073178462,
      2.03333144034944,
      2.0314139016435622,
      2.0305848694030928,
      2.0306058377057488,
      2.0312023226004086,
      2.032126106146948,
      2.0331520268056567,
      2.0341348589499484,
      2.0349431338035306,
      2.0355828671397069,
      2.0359931533134499,
      2.0361640039379578,
      2.0361004609437305,
      2.0357714644396196,
      2.0352008681863936,
      2.0344930312103049,
      2.0336796086053082,
      2.0327512369157157,
      2.0317160739467726,
      2.0306730112949678,
      2.0296404067748162,
      2.0286690990658509,
      2.0278146614147001,
      2.0271314739309907,
      2.0266644657506445,
      2.0264375994265951,
      2.0264378882560052,
      2.0266476083850002,
      2.0269899414558354,
      2.0273641909439468,
      2.0277249039437968,
      2.0279553980648157,
      2.0280565775624368,
      2.0279682097378915,
      2.0276746384981679,
      2.0271780501727736,
      2.026493891774797,
      2.025628528918789,
      2.0246476547939811,
      2.0237234521092886,
      2.0228888026876417,
      2.0222757715928701,
      2.0219982303569859,
      2.0221414128244843,
      2.0227416099483668,
      2.0237424190992788,
      2.0250410692876346,
      2.0265889802590116,
      2.0282063285666321,
      2.029778861721717,
      2.0311657386184034,
      2.0322993808309806,
      2.0333021837879244,
      2.0340961851034369,
      2.0337099855677438,
      2.0330438304303371,
      2.0321466432603184,
      2.0310850473427982,
      2.0299617104863468,
      2.0297673271885395,
      2.0294369081970696,
      2.0292681133803927,
      2.0291076443647786,
      2.028829363399403,
      2.0284591147183226,
      2.0284403702158307,
      2.0282546595538937,
      2.0280577222973752,
      2.0277861094706529,
      2.0274513602325155,
      2.0273619729123689,
      2.0272043316415336,
      2.0270805700040313,
      2.0269546762881583,
      2.0268295896910531,
      2.0267749012447096,
      2.0267213869410017,
      2.026638336141878,
      2.0265888197169128,
      2.0265404913237837,
      2.0264485926942175,
      2.0263930551414107,
      2.0262941563721708,
      2.0262282236129079,
      2.0261872641694185,
      2.0261262408935834,
      2.026073098180408,
      2.0260351996922652,
      2.0259975890059887
   ],
   "errors_validation" : [
      2.1188125426864759,
      2.1165002419557895,
      2.1143758703083018,
      2.1108346694066955,
      2.1063527933163071,
      2.1014591248529406,
      2.0966993112833121,
      2.0925011740757133,
      2.0891777887492458,
      2.0868835708812745,
      2.0857213877788694,
      2.0857333265930964,
      2.0866503574009743,
      2.0885392891126275,
      2.090992167390167,
      2.0936932280299962,
      2.0963833626644623,
      2.0988416925485684,
      2.1009462559508627,
      2.1025491659302231,
      2.1037619160621386,
      2.1045061982005357,
      2.1047935764260775,
      2.1046543114066849,
      2.1040116870754786,
      2.1029041092128637,
      2.1016265885757837,
      2.1000630777984464,
      2.0982376975690737,
      2.0961224232932407,
      2.0939158886018068,
      2.0915800726087483,
      2.0891863788857763,
      2.0868052857031469,
      2.0845173775783978,
      2.0824029869599578,
      2.0805351486948735,
      2.078976104066752,
      2.0777261108684022,
      2.0767866500000327,
      2.0761535506653543,
      2.0757136082659189,
      2.0754791061481428,
      2.0753308974948004,
      2.0752673354162265,
      2.0752644522439492,
      2.0753108110307905,
      2.0754237768798012,
      2.0756401167035938,
      2.0760006420708783,
      2.076477984172032,
      2.0771757470336989,
      2.0782518155396006,
      2.0797431851896211,
      2.0816980229888329,
      2.0840611524563659,
      2.0866982865655355,
      2.0894351130869011,
      2.0921791718092821,
      2.0947219341057606,
      2.0969614556776306,
      2.0986655424218004,
      2.0997595466635892,
      2.1004134924188942,
      2.1005774464744866,
      2.0998869256694803,
      2.09869847366063,
      2.0969386788459761,
      2.0947769498198245,
      2.0923006738324861,
      2.0918899264808908,
      2.0911552451754085,
      2.0907906896113286,
      2.0904384194603729,
      2.0897964939116962,
      2.0889548241344595,
      2.0888649676311148,
      2.0885370415603774,
      2.0880464099089089,
      2.0873984520999578,
      2.0865593738428863,
      2.0864023470194328,
      2.0860715176076807,
      2.085868396805338,
      2.0855407789092588,
      2.0851056497404712,
      2.0849713863317234,
      2.0848420379375256,
      2.0846222818612574,
      2.0845051708793112,
      2.0843905606525359,
      2.0841728730654978,
      2.08405723801937,
      2.0838792656729042,
      2.0837152272706709,
      2.0836277994611585,
      2.083484888931991,
      2.0834328394466834,
      2.083359303677371,
      2.0832845907882676
   ],
   "output_testing" : [
      [
         0.075102817674010683,
         0.10480556016278759,
         0.099571758228223131,
         0.075102959740681263,
         0.1144413774057855,
         0.096549850253170144,
         0.12895918722894947,
         0.1071304583602891,
         0.075102819664379122,
         0.12323321128172404
      ],
      [
         0.076299071498990012,
         0.10298266609857674,
         0.11240104352916942,
         0.07629918793687028,
         0.11489849719521661,
         0.097829750464872287,
         0.11619404843080249,
         0.10810282278466032,
         0.076299072962619577,
         0.11869383909822213
      ],
      [
         0.075231302762193988,
         0.10055308435662023,
         0.11221864265954512,
         0.075231397615549228,
         0.11142497358636028,
         0.097522207807892516,
         0.12006746221887675,
         0.10956070892343586,
         0.075231304044575842,
         0.12295891602495007
      ],
      [
         0.07576072476552842,
         0.10320867004744719,
         0.1069876751764731,
         0.075760836232430837,
         0.11667567599820698,
         0.09685744573878316,
         0.11993218558488548,
         0.10833962618620299,
         0.075760726380921906,
         0.12071643388912009
      ],
      [
         0.075662923072827917,
         0.10218734343629733,
         0.11246807582623525,
         0.075663029704762005,
         0.11183786487923532,
         0.098309380965526133,
         0.11842143553488688,
         0.112117233610197,
         0.075662924499259779,
         0.11766978847077235
      ],
      [
         0.076305549222408828,
         0.10141649317868456,
         0.10839513432699234,
         0.076305640071239952,
         0.11559088723094678,
         0.097879146618294208,
         0.11927652828814272,
         0.10871555127175268,
         0.076305550472412206,
         0.11980951931912567
      ],
      [
         0.075888666203394364,
         0.10390754088096479,
         0.10709603500704797,
         0.075888840088651655,
         0.11400064275898536,
         0.097298591265252865,
         0.12071516018375543,
         0.11179887354330323,
         0.075888668180326205,
         0.11751698188831819
      ],
      [
         0.075561792876680675,
         0.10161928775573539,
         0.10980459289181037,
         0.075561871378477891,
         0.11253319502991319,
         0.098705235751881587,
         0.1190690053606351,
         0.10423549688668443,
         0.075561793893409626,
         0.12734772817477175
      ],
      [
         0.075805712506455819,
         0.10315778758708043,
         0.1117550821493364,
         0.075805876534450825,
         0.11244066539821092,
         0.098635414881789341,
         0.11780978016628987,
         0.10859842361243205,
         0.07580571471512991,
         0.12018554244882439
      ],
      [
         0.075623750574744339,
         0.10030115812309115,
         0.10698025481850519,
         0.075623828569396701,
         0.11403642582592369,
         0.097895609153403673,
         0.12120685552577172,
         0.11229774267945283,
         0.075623751692658656,
         0.12041062303705197
      ],
      [
         0.075556589978422753,
         0.10467914070646796,
         0.10266866224439782,
         0.075556698143336237,
         0.11326125751899573,
         0.096645280188231791,
         0.12321769568489709,
         0.10996779569266953,
         0.075556591430036305,
         0.12289028841254489
      ],
      [
         0.075113231944853351,
         0.099991333119035755,
         0.11892111478878102,
         0.075113305211975345,
         0.10528096194187471,
         0.096843891063773349,
         0.11831398569719757,
         0.1165156676854624,
         0.075113232887050546,
         0.11879327565999612
      ],
      [
         0.075208177783992025,
         0.106043495409257,
         0.10458003249182241,
         0.075208337072226475,
         0.11047429198083317,
         0.095027275050687587,
         0.12480555663227071,
         0.11621872871337316,
         0.075208179673018072,
         0.1172259251925193
      ],
      [
         0.0748338600640545,
         0.097343326696360546,
         0.12058813767812004,
         0.074833976920826689,
         0.11074504549990336,
         0.097886188443694955,
         0.11468328451985955,
         0.11527620391555657,
         0.074833862047537072,
         0.11897611421408666
      ],
      [
         0.076402992581725601,
         0.10457974103952487,
         0.10176470638227998,
         0.076403089649824646,
         0.11515371663595904,
         0.098097070753800433,
         0.12610067877795864,
         0.10181798287980839,
         0.076402993655529119,
         0.12327702764358926
      ],
      [
         0.075540892286955388,
         0.10229378673758181,
         0.11297799511396063,
         0.075540984605528605,
         0.10988725801343825,
         0.09875283700051915,
         0.11758097035423036,
         0.11190222595980369,
         0.075540893706995751,
         0.11998215622098636
      ],
      [
         0.07569535631244198,
         0.10175863829341288,
         0.10664289841579891,
         0.075695429485282198,
         0.112199429160523,
         0.097275338056685368,
         0.12223855985792133,
         0.10857988240035106,
         0.0756953572568487,
         0.12421911076073461
      ],
      [
         0.075764206359195133,
         0.10444755396297788,
         0.10665910786364022,
         0.075764310443237393,
         0.11130913173461114,
         0.097352730799675963,
         0.11951441288940524,
         0.11333763726427819,
         0.07576420784260865,
         0.12008670084037015
      ],
      [
         0.075356886443982807,
         0.10029047589956967,
         0.10754643916219733,
         0.075357079201410826,
         0.11459498423799816,
         0.09841677521140009,
         0.12170259876996575,
         0.11648386524443317,
         0.075356889648447375,
         0.11489400618059485
      ],
      [
         0.076242313417935026,
         0.1029441425680707,
         0.10753679742519574,
         0.076242444085131769,
         0.11502544616639467,
         0.097149311677745875,
         0.12107204883142431,
         0.10875527333955309,
         0.076242314934767769,
         0.11878990755378109
      ],
      [
         0.075871341582348262,
         0.099501530554033768,
         0.11977566134475051,
         0.075871429036902902,
         0.1082883893086567,
         0.096789192522983444,
         0.11474262782631313,
         0.11997855264777535,
         0.075871342749277301,
         0.11330993242695837
      ],
      [
         0.075512558888069986,
         0.1034965962639111,
         0.10398603353495303,
         0.075512706849534164,
         0.11613692559753366,
         0.098586792823221983,
         0.1212934179943074,
         0.10153801277915619,
         0.075512561045219792,
         0.1284243942240926
      ],
      [
         0.075368624411605148,
         0.10122033799499378,
         0.11016121645497398,
         0.075368725417774132,
         0.11453868933872277,
         0.09739081255832252,
         0.11940619202741483,
         0.11353895228525493,
         0.075368625995907115,
         0.1176378235150308
      ],
      [
         0.075329504718130935,
         0.10142087673608242,
         0.11395626624379226,
         0.075329642991867216,
         0.10891944132975324,
         0.098293659971531708,
         0.12122389341551894,
         0.10986984115517255,
         0.075329506406438776,
         0.1203273670317119
      ],
      [
         0.07535322632417682,
         0.10412161707361214,
         0.10594494325659969,
         0.075353354227121055,
         0.11305874454864107,
         0.098002663026780373,
         0.12236072509923043,
         0.11061435250543043,
         0.07535322817407121,
         0.11983714576433684
      ],
      [
         0.075004763808482894,
         0.10344470073505067,
         0.11776051000373543,
         0.075004929935532857,
         0.10982668326596373,
         0.095755248632340112,
         0.11624727707494599,
         0.11442369379137059,
         0.075004765936579579,
         0.11752742681599826
      ],
      [
         0.075511903577164197,
         0.10338344650708307,
         0.10544015489958229,
         0.07551201854132987,
         0.1135360754111317,
         0.097912962425989333,
         0.12440623621187454,
         0.10529672871209886,
         0.07551190503986982,
         0.12348856867387646
      ],
      [
         0.074502344895581135,
         0.10249211969250156,
         0.10477487120451687,
         0.074502457042253264,
         0.11268405262497057,
         0.095485524287047457,
         0.12584430440282912,
         0.10730461027341992,
         0.074502346218666957,
         0.1279073693582132
      ],
      [
         0.075646066417145635,
         0.10177872510639152,
         0.10979598002029019,
         0.07564617601403878,
         0.11396605397934244,
         0.098910373515012917,
         0.12007946251007101,
         0.10861332049285408,
         0.075646067877645592,
         0.11991777406720786
      ],
      [
         0.075483769850461957,
         0.10237265268213729,
         0.10500552608402494,
         0.075483904165594487,
         0.11290123378904951,
         0.096443311202943041,
         0.12290505213571401,
         0.11241735497640225,
         0.075483771764982735,
         0.12150342334868974
      ],
      [
         0.075794272743814436,
         0.10352464044245654,
         0.11789700746854374,
         0.075794430154290604,
         0.11167193686996764,
         0.097496155716705085,
         0.11433032178448356,
         0.11090924085146017,
         0.075794274897460143,
         0.1167877190708182
      ],
      [
         0.076561707554909333,
         0.10403812229886197,
         0.10587118736697855,
         0.076561788208975953,
         0.11942113442850025,
         0.09689212480520526,
         0.1183419912624287,
         0.10746708372620625,
         0.076561708408119919,
         0.11828315193981388
      ],
      [
         0.076285644484104881,
         0.099762604663304541,
         0.10644613961416258,
         0.076285721924479535,
         0.11455544677436058,
         0.099379037012790356,
         0.12279418355818759,
         0.11005870138890866,
         0.076285645583052508,
         0.1181468749966488
      ],
      [
         0.075471668941276035,
         0.10174592757737271,
         0.10962423005378584,
         0.07547179345153969,
         0.11288294798369743,
         0.098817617428577212,
         0.11920748766050851,
         0.10734363614986034,
         0.075471670664796195,
         0.12396302008858595
      ],
      [
         0.07477530291859423,
         0.10144299443717696,
         0.10530145196277141,
         0.074775370571691174,
         0.10945810394359227,
         0.097557224969624601,
         0.12571586508126673,
         0.10984419059027518,
         0.074775303879398361,
         0.12635419164560913
      ],
      [
         0.075000076055263834,
         0.10564756968373479,
         0.10537249518936344,
         0.075000212826802123,
         0.10939860813099968,
         0.095437707411016384,
         0.12392933801687729,
         0.11632414628734715,
         0.075000077744989943,
         0.1188897686536054
      ],
      [
         0.075762565810642182,
         0.10206564290623278,
         0.10400423371053481,
         0.075762642434085883,
         0.11366480393301243,
         0.09880807560449105,
         0.1266085494403838,
         0.10539295735233457,
         0.075762566801368517,
         0.12216796200691381
      ],
      [
         0.075321824757858591,
         0.10547841738273211,
         0.11123917758641207,
         0.075322024348497163,
         0.10998327920750373,
         0.096534723190930052,
         0.11796185915907574,
         0.11135743664527241,
         0.075321827590974569,
         0.12147943013074358
      ],
      [
         0.075007371549605295,
         0.10224313225900225,
         0.10998956929451779,
         0.075007494200799454,
         0.11064636449737454,
         0.095834869382327076,
         0.12322827885568351,
         0.11224161231704208,
         0.075007372810002207,
         0.12079393483364569
      ],
      [
         0.075163523148357628,
         0.10236474834702174,
         0.11169132203970839,
         0.075163643068433317,
         0.11179734775835092,
         0.097000863091138631,
         0.11851823131997274,
         0.11547418981285494,
         0.075163524744557716,
         0.11766260666960396
      ],
      [
         0.075938566470853078,
         0.10244536094672003,
         0.10382671975367347,
         0.075938676286866194,
         0.11680713209761202,
         0.099482957912564632,
         0.12115625748728458,
         0.10747690700787596,
         0.075938568123536623,
         0.12098885391301342
      ],
      [
         0.075027485643946706,
         0.1018579433541357,
         0.1085020488415824,
         0.075027607553358217,
         0.11419251200550652,
         0.096935736148007615,
         0.1209761593261479,
         0.1129774694669453,
         0.075027487128318873,
         0.11947555053205092
      ],
      [
         0.076088133657038634,
         0.10394825942950284,
         0.11080574070150866,
         0.076088244015995871,
         0.1110176580328547,
         0.097136545911008704,
         0.11693304067713745,
         0.11289368610419838,
         0.076088135248811375,
         0.11900055622194344
      ],
      [
         0.075514182169060695,
         0.10333003990979016,
         0.10882643899308792,
         0.075514366249027562,
         0.11232601977251674,
         0.09722294309060632,
         0.11893635782229726,
         0.11576737321430648,
         0.075514184718088975,
         0.1170480940612179
      ],
      [
         0.075567618565072339,
         0.10168311856460928,
         0.1102781524521219,
         0.07556771825036615,
         0.11194994978383199,
         0.097496184545167314,
         0.11998317546090555,
         0.11106271119628373,
         0.075567619906697525,
         0.12084375127494404
      ],
      [
         0.076063017958882054,
         0.1028374427989497,
         0.10979636724820398,
         0.076063121144149232,
         0.11347566311442268,
         0.097940554941381083,
         0.11836736614589438,
         0.1114015013282018,
         0.076063019425996248,
         0.11799194589391891
      ],
      [
         0.075100514086019102,
         0.10075173433034626,
         0.10627852480689265,
         0.075100679613319052,
         0.11515550365033388,
         0.09778927323875708,
         0.12176664877409731,
         0.11171013412206945,
         0.075100516333848497,
         0.1212464710443167
      ],
      [
         0.075811278069890048,
         0.1043068390081241,
         0.10592640413987664,
         0.075811412787507471,
         0.11219842652048773,
         0.096519538684033512,
         0.12350653424180023,
         0.11399351799006907,
         0.075811279892887717,
         0.11611476866532353
      ],
      [
         0.074384233666217395,
         0.10113137342062813,
         0.10645744323892371,
         0.074384413167750449,
         0.11646337393942723,
         0.099271266141616896,
         0.11992848446115263,
         0.11180072548282191,
         0.074384236729052172,
         0.1217944497524094
      ],
      [
         0.075837645506890455,
         0.10090375004035759,
         0.11301890066593968,
         0.075837762022973182,
         0.11118071972541027,
         0.098973109662875591,
         0.12212431484870132,
         0.10128536051930707,
         0.075837647018172097,
         0.12500078998937272
      ],
      [
         0.074139807413864681,
         0.098696163663607811,
         0.10928956547584026,
         0.074139889944967535,
         0.10681462652265582,
         0.097999560671787334,
         0.12582650045274721,
         0.11092646205326655,
         0.074139808662587084,
         0.12802761513867564
      ],
      [
         0.075598158090117953,
         0.099978676311169717,
         0.11836189396686256,
         0.075598251509283121,
         0.10943633522788744,
         0.097957486614305825,
         0.11763363403381694,
         0.11102598377887585,
         0.075598159264525247,
         0.1188114212031552
      ],
      [
         0.074922899621945468,
         0.1012227048141867,
         0.10954638211623202,
         0.074922987503683536,
         0.11316789112739647,
         0.097626423293651357,
         0.1206602529836272,
         0.10770770490932116,
         0.074922900741858839,
         0.1252998528880972
      ],
      [
         0.075642231096506043,
         0.099948640603184799,
         0.10565594922527798,
         0.075642313140225279,
         0.1177088820758925,
         0.096321096208349166,
         0.12294926370737116,
         0.10716338825826215,
         0.075642232156951858,
         0.12332600352797898
      ],
      [
         0.075885176226828013,
         0.10297214470739521,
         0.11147904473540425,
         0.075885235798861791,
         0.11349210442659982,
         0.096257279066092563,
         0.11836108105802244,
         0.11458317100621059,
         0.07588517697041168,
         0.1151995860041736
      ],
      [
         0.075989576106555448,
         0.10205454647304835,
         0.10320396000578229,
         0.07598967256010164,
         0.11603347515082388,
         0.098500758467619062,
         0.12307911603477033,
         0.1078716352568691,
         0.075989577358386837,
         0.12128768258604315
      ],
      [
         0.075288168216238696,
         0.10069813262752592,
         0.11378566015420195,
         0.07528827438077175,
         0.11033717344767434,
         0.096944944496302712,
         0.11904835971444151,
         0.11668332464435219,
         0.07528816960754027,
         0.11663779271095065
      ],
      [
         0.075975919361699978,
         0.10073852377755532,
         0.11112265056944746,
         0.075976005419905693,
         0.11346518493952641,
         0.09857545153468189,
         0.119709887122518,
         0.10913252723050614,
         0.075975920453604517,
         0.11932792959055466
      ],
      [
         0.075349578761925481,
         0.10208556752855978,
         0.11011634211679877,
         0.075349694376955906,
         0.1118469063311744,
         0.096401021417074531,
         0.12063898772717999,
         0.11244413299577961,
         0.075349580223700433,
         0.12041818852085101
      ],
      [
         0.075975331608478872,
         0.099465525424416695,
         0.11499585136173279,
         0.075975420329650989,
         0.1115596152035843,
         0.098243865401000385,
         0.11884086701731922,
         0.10793295560271447,
         0.075975333019276836,
         0.12103523503182549
      ],
      [
         0.075424923154730622,
         0.1015362468931835,
         0.1089922992349482,
         0.07542500989308637,
         0.11422979618933204,
         0.097563273133845926,
         0.11925135457663753,
         0.11059469538442381,
         0.0754249243447499,
         0.12155747719506201
      ],
      [
         0.075955429067200972,
         0.10422810154415342,
         0.1089502890611356,
         0.075955545284793757,
         0.11539393790561818,
         0.097211165670300595,
         0.1166067121653261,
         0.10816231918581996,
         0.075955430985093775,
         0.1215810691305575
      ],
      [
         0.075563282668999601,
         0.10583205647199416,
         0.10110849570528886,
         0.075563388535754936,
         0.11204421523888669,
         0.096127450926408273,
         0.12365939224696836,
         0.11752752501589346,
         0.075563284194169605,
         0.11701090899563606
      ],
      [
         0.075476147204827496,
         0.10192817757482481,
         0.10999083615842317,
         0.075476289666263713,
         0.1109083030420728,
         0.097314244275103726,
         0.12104074113992454,
         0.11653019060294155,
         0.07547614915115966,
         0.11585892118445854
      ],
      [
         0.075411105143570981,
         0.10203182559253754,
         0.11227816722541567,
         0.075411223706694355,
         0.11076803909407387,
         0.0972123377664324,
         0.12036182071920584,
         0.11116416771203341,
         0.07541110657155467,
         0.11995020646848144
      ],
      [
         0.075540986391834694,
         0.10362072153397328,
         0.10998046120877264,
         0.075541085585737924,
         0.11162630382775827,
         0.096367296396341395,
         0.11977911697107747,
         0.11406000407815031,
         0.07554098775832041,
         0.11794303624803361
      ],
      [
         0.07634255245518877,
         0.10018849409581929,
         0.11241334835044392,
         0.076342620440133999,
         0.11479504615516231,
         0.098518621340305257,
         0.11681878067602705,
         0.10822467241681763,
         0.076342553350028694,
         0.12001331072007304
      ],
      [
         0.075282534417673075,
         0.10119507840973717,
         0.11141053224304306,
         0.075282625557803226,
         0.11257291961538868,
         0.097082731834109384,
         0.11964187222301753,
         0.11299032049787018,
         0.075282535560168229,
         0.11925884964118935
      ],
      [
         0.075784955609708646,
         0.10477965378597331,
         0.10657323903098734,
         0.075785094098996975,
         0.11589306804772655,
         0.096640017598855599,
         0.11945527653806363,
         0.11200528642077801,
         0.075784957151059443,
         0.11729845171785055
      ],
      [
         0.075417829194164371,
         0.1024028888942365,
         0.11521259590727292,
         0.075417954965476847,
         0.11230019047535826,
         0.09800295015633885,
         0.11516306877857725,
         0.1124129950863119,
         0.075417830925096727,
         0.11825169561716628
      ],
      [
         0.075720465487741154,
         0.10149861444418831,
         0.1105165908569157,
         0.075720549863001294,
         0.11075978798048178,
         0.09801378042340643,
         0.11972348986881001,
         0.11100002300221565,
         0.075720466689732466,
         0.12132623138350711
      ],
      [
         0.075193847362224897,
         0.10425442268411279,
         0.1050737903244621,
         0.075193960497385026,
         0.11297446605318213,
         0.096511392737095941,
         0.12286206327299562,
         0.11008581162251257,
         0.075193848822376647,
         0.12265639662365231
      ],
      [
         0.075469925371451557,
         0.10220544313973835,
         0.10879436831906227,
         0.075470011446390428,
         0.11178467455553003,
         0.098220071357029828,
         0.12186931031673394,
         0.11086642338119403,
         0.075469926670670123,
         0.1198498454421994
      ],
      [
         0.075788417684003614,
         0.10027611247271086,
         0.11193896697023137,
         0.075788480999271074,
         0.10984999446793293,
         0.097449935893443418,
         0.11916249040348036,
         0.12077344837993106,
         0.07578841850675419,
         0.11318373422224091
      ],
      [
         0.075605584996621816,
         0.10304700385613116,
         0.10967067696134328,
         0.075605699728992504,
         0.11322870795244501,
         0.098691516951714922,
         0.11725048764917226,
         0.11299920101828451,
         0.075605586630950294,
         0.11829553425434441
      ],
      [
         0.075599291916119291,
         0.1020378441133075,
         0.11317508780589895,
         0.075599421180346793,
         0.11068328944668691,
         0.098308359013843313,
         0.11819109286324721,
         0.11179756119330198,
         0.075599293596624595,
         0.11900875887062345
      ],
      [
         0.076557003492084857,
         0.10038452706389341,
         0.10925322665945408,
         0.076557125801454115,
         0.11748631700033731,
         0.098666743077429633,
         0.11883568210916921,
         0.10735609951930572,
         0.076557005189873434,
         0.11834627008699813
      ],
      [
         0.075184173565533974,
         0.1031812296964152,
         0.11591167256662466,
         0.075184265617260423,
         0.10817815462468813,
         0.095684354094955723,
         0.11702920140623675,
         0.11978276390227165,
         0.075184174850594199,
         0.11468000967541936
      ],
      [
         0.075163580555620904,
         0.10102327853987469,
         0.11753534667849515,
         0.075163687248035155,
         0.1103593724646323,
         0.097939397689483246,
         0.11729040584549415,
         0.10856151341964024,
         0.075163582023189082,
         0.12179983553553501
      ],
      [
         0.075678446919484818,
         0.10189898403098009,
         0.1150805788408308,
         0.075678509106599651,
         0.107612637635667,
         0.096518172440416369,
         0.11809982573160809,
         0.11386322909349815,
         0.07567844780032304,
         0.11989116840059202
      ],
      [
         0.075189322841601139,
         0.10302949074814864,
         0.11501806760560987,
         0.075189511888262936,
         0.10925961650099923,
         0.096367138457850915,
         0.11688925834606702,
         0.11238924092555802,
         0.07518932584997437,
         0.12147902683592786
      ],
      [
         0.074812761866283994,
         0.10082214407095225,
         0.113287590507428,
         0.074812863103540864,
         0.1110042682990596,
         0.098848349108470929,
         0.12068218354190466,
         0.10917196430190093,
         0.07481276317323432,
         0.12174511202722438
      ],
      [
         0.075927798182002446,
         0.10155013044149289,
         0.10698621280165058,
         0.075927860395471655,
         0.11213470259242436,
         0.098604163270484435,
         0.12454419177696953,
         0.1050058959137939,
         0.075927799063771229,
         0.12339124556193909
      ],
      [
         0.075187687390613184,
         0.098773989816196825,
         0.10875987423555918,
         0.07518777940270012,
         0.11302728152726334,
         0.098600596514970495,
         0.12425164233319264,
         0.107408745221025,
         0.075187688551407755,
         0.12361471500707139
      ]
   ],
   "output_training" : [
      [
         0.075119150140712479,
         0.10471703252515834,
         0.099622852856488517,
         0.075119294394767944,
         0.11448118333433736,
         0.0966090067145879,
         0.12877460692733692,
         0.10716993458349779,
         0.075119152164939737,
         0.12326778635817291
      ],
      [
         0.076310353332411165,
         0.10289794707279749,
         0.11244100838285855,
         0.076310471555105952,
         0.11492982484874345,
         0.097881209348437803,
         0.11604818408820336,
         0.1081327245221701,
         0.076310354820482665,
         0.1187379220287894
      ],
      [
         0.075243696100913054,
         0.10048139149037719,
         0.11224662869086631,
         0.075243792239639173,
         0.11146336902744579,
         0.0975735019370461,
         0.11991349420997205,
         0.10958020848744555,
         0.075243697402091553,
         0.12301022041420337
      ],
      [
         0.07577441597869107,
         0.10312451291874927,
         0.10703287807113966,
         0.075774529089099568,
         0.11671247866386715,
         0.09691053124529779,
         0.11976869134246673,
         0.10837050941825306,
         0.075774417620074974,
         0.12075703565236046
      ],
      [
         0.075674970633458349,
         0.10210681315457416,
         0.11250323717813696,
         0.075675078821422506,
         0.11187280026244421,
         0.098362618129404888,
         0.11827291195313941,
         0.11213780476316229,
         0.075674972082464931,
         0.11771879302179221
      ],
      [
         0.076316393911997071,
         0.10134285199475196,
         0.1084245604936958,
         0.076316486001224856,
         0.11562344122541585,
         0.097926825976053747,
         0.11912852500235933,
         0.10873901699493295,
         0.076316395180518498,
         0.11986550321904996
      ],
      [
         0.075901516566173707,
         0.10382694214037216,
         0.10713746280124782,
         0.075901692891580066,
         0.11403315765701473,
         0.097351467525776503,
         0.12055994490869329,
         0.11182147130131773,
         0.075901518573532195,
         0.11756482563429169
      ],
      [
         0.075574782353235462,
         0.10153872284419854,
         0.10983851822290647,
         0.07557486203344696,
         0.11257480707766006,
         0.098761433167125073,
         0.11890491726896786,
         0.10426666194744726,
         0.075574783386753761,
         0.12739051169825855
      ],
      [
         0.075817215530863111,
         0.10307801291269933,
         0.11178880871865071,
         0.075817381829840463,
         0.11247457556140089,
         0.098685867858923124,
         0.11766323413776779,
         0.10862831261750037,
         0.075817217772729192,
         0.12022937305962518
      ],
      [
         0.075636612318767019,
         0.10023078133028061,
         0.10700897755838473,
         0.075636691359200009,
         0.1140773021162549,
         0.097948554519131106,
         0.12104464111092121,
         0.11231476052760904,
         0.07563661345289148,
         0.12046506570655981
      ],
      [
         0.075571987467459481,
         0.10458791014215009,
         0.1027204907187356,
         0.075572097355111709,
         0.11330200537245544,
         0.096703630543520686,
         0.12303858256468195,
         0.11000284558424048,
         0.075571988944554733,
         0.12292846130708995
      ],
      [
         0.075125030572358503,
         0.099917804189489437,
         0.11895812587653871,
         0.075125104905601273,
         0.10531518511522743,
         0.096894376925508535,
         0.1181604041020637,
         0.11653534812559599,
         0.075125031529320374,
         0.11884358865829595
      ],
      [
         0.075222688723938946,
         0.10595592339054574,
         0.1046255347923867,
         0.075222850236684013,
         0.11050977278249416,
         0.095079017750060307,
         0.12463856231033313,
         0.11625398440657531,
         0.075222690641722628,
         0.11726897496525913
      ],
      [
         0.074844084275994469,
         0.09728482450807753,
         0.12060878370553227,
         0.074844202688362602,
         0.11077904914374852,
         0.097931789824981241,
         0.1145502151992335,
         0.1152820280984462,
         0.074844086287217795,
         0.11903093626840586
      ],
      [
         0.076418271136070512,
         0.10448969730035097,
         0.10181446526953085,
         0.076418369803527994,
         0.11519124952678998,
         0.098158166526307558,
         0.12591800737057635,
         0.10186009042569392,
         0.076418272229601417,
         0.12331341041155056
      ],
      [
         0.075554029422591332,
         0.10221014365234896,
         0.11302441037117611,
         0.07555412327951247,
         0.10992608526137287,
         0.098809219546013891,
         0.11742128025725206,
         0.11192435120815272,
         0.07555403086814351,
         0.12002232613343605
      ],
      [
         0.075710773509545609,
         0.10167236573588177,
         0.10669374320247992,
         0.075710847943287113,
         0.11224323557337798,
         0.097337092434210931,
         0.12205707929117639,
         0.10860826332256024,
         0.075710774471882264,
         0.12425582451559763
      ],
      [
         0.075778058337352766,
         0.10435738228946587,
         0.10671057012878701,
         0.075778164066806666,
         0.1113478104266768,
         0.097408371291966139,
         0.1193460085110834,
         0.11336773030750441,
         0.075778059846392812,
         0.1201278447939641
      ],
      [
         0.075368809174150703,
         0.10021963254023809,
         0.10758060148377152,
         0.075369004647200213,
         0.11462984579817499,
         0.09846573253317227,
         0.12154801509779614,
         0.11651421358500849,
         0.075368812427041521,
         0.11493533271344611
      ],
      [
         0.076255709892739679,
         0.10286262249422644,
         0.10758097240263566,
         0.076255842511529309,
         0.1150608334721691,
         0.097202698753037706,
         0.1209098577301729,
         0.10878360526904778,
         0.076255711434327453,
         0.11883214604011395
      ],
      [
         0.075881080452952984,
         0.099440835060880944,
         0.11979872974813656,
         0.075881168843548008,
         0.10832036885372634,
         0.096831987756587301,
         0.11460969209823844,
         0.11997889018191173,
         0.075881081633146677,
         0.11337616537087086
      ],
      [
         0.075524364950824555,
         0.10341969356823383,
         0.1040117410398036,
         0.075524514690629138,
         0.11617242518027675,
         0.098636593650288762,
         0.1211393842780218,
         0.10157034252090927,
         0.075524367136805742,
         0.12847657298420659
      ],
      [
         0.075380747765987674,
         0.10114712796244149,
         0.11019540962367366,
         0.075380850184951206,
         0.11457636527866207,
         0.097437775651076378,
         0.11925067900774579,
         0.11356685858153003,
         0.075380749373930883,
         0.11768343657000076
      ],
      [
         0.075341647983350885,
         0.10134545081553427,
         0.11398876876197508,
         0.075341788210365385,
         0.10895376336844097,
         0.098345774471646927,
         0.12106931321431966,
         0.10990002922739549,
         0.075341649697534707,
         0.12037181424943666
      ],
      [
         0.075366806851802623,
         0.10403853097805203,
         0.10598217631346625,
         0.075366936552625011,
         0.1130974373864331,
         0.098055583482452913,
         0.12219997080862027,
         0.11064403832843306,
