{
   "errors_training" : [
      2.0944015006920855,
      2.0739994306382288,
      2.0618680240838749,
      2.0553496324734195,
      2.0508239939202118,
      2.0452599507112987,
      2.0410673922729079,
      2.038906185417571,
      2.038274695027972,
      2.0384831492328406,
      2.0390612946762281,
      2.0393421121891628,
      2.0397946946818557,
      2.0401658538338792,
      2.0406196908351228,
      2.0411454430102496,
      2.0417365926928173,
      2.042378807137077,
      2.0430561481315186,
      2.0437505280086499,
      2.0444424481250358,
      2.0451131622455163,
      2.045672036022979,
      2.046219088750505,
      2.0468272116220922,
      2.0472739000442659,
      2.0476714800766755,
      2.0479724654230478,
      2.0482657827463351,
      2.0485044507429526,
      2.0487180798675344,
      2.0488926002405519,
      2.0489761027388473,
      2.0490736458762249,
      2.0490804013878696,
      2.0491360114426707,
      2.0491629505512656,
      2.0491090599932278,
      2.049082199349296,
      2.0489618948884365,
      2.0489155158568204,
      2.0488437211761199,
      2.0486976977637914,
      2.048581763582797,
      2.0483829102661595,
      2.0482574160054634,
      2.0481037922334062,
      2.0478802886434959,
      2.0476840189157266,
      2.0474261984413591,
      2.0472290007152298,
      2.0469993711478573,
      2.0467071545449147,
      2.0464387427961999,
      2.046147814560046,
      2.0458945104201844,
      2.0456053951460569,
      2.04526547125251,
      2.0449467705924862,
      2.0446649154766621,
      2.0443842846087277,
      2.0440681607605913,
      2.043721329318168,
      2.0433998352519884,
      2.0431762614156921,
      2.0429175036616645,
      2.042623223725113,
      2.0423643780963094,
      2.0420541030633057,
      2.0417245587708015,
      2.0414031550722691,
      2.0411741804440742,
      2.0409619273802253,
      2.0406561685674207,
      2.0403237204459277,
      2.0399726187770542,
      2.0397063524523475,
      2.0392982221771625,
      2.0388983409047414,
      2.0383732761615914,
      2.0376934087138174,
      2.0368232908603776,
      2.0357182373811065,
      2.0345947892309706,
      2.0330903772167104,
      2.0322945689718486,
      2.031675863386563,
      2.0308480675423186,
      2.0299595670744868,
      2.0287602336566306,
      2.0276164281170703,
      2.0261174389350445,
      2.0246740311480158,
      2.0235296941475536,
      2.021713817903505,
      2.0201479105400253,
      2.0187482305744227,
      2.0175726177437889,
      2.0155947561468186,
      2.0131099957856695,
      2.0100406399217556,
      2.0062988428723054,
      2.0017807423529734,
      1.9977678291287138,
      1.992394567436115,
      1.9862282208055364,
      1.9829794159841114,
      1.9791021133611419,
      1.975195071428161,
      1.9707519241653153,
      1.9655737934665054,
      1.9595934633680412,
      1.9549449740615485,
      1.9496152188354545,
      1.9454202508311722,
      1.9409702427484139,
      1.9421396523551058,
      1.9566047985942694,
      1.9500205462378908,
      1.9319554101692882,
      1.9225464633293745,
      1.9147292701493706,
      1.9103939593779717,
      1.9054659298069079,
      1.902132103216577,
      1.9006327476942459,
      1.8998265435153983,
      1.8989152114972048,
      1.8920185619534224,
      1.9084799730402802
   ],
   "errors_validation" : [
      2.0377843854195903,
      2.0133288540174936,
      1.9973750287376997,
      1.9879001442979922,
      1.9806739695277384,
      1.9698377350286378,
      1.958528460232541,
      1.9486616170399531,
      1.9412515995031336,
      1.9369740004437961,
      1.9362700240684254,
      1.9402907616735723,
      1.9440203408876899,
      1.9461647939759377,
      1.9481584537086094,
      1.9500233823973396,
      1.9517883253998745,
      1.9534544837487962,
      1.9550122056423291,
      1.9564516423704139,
      1.9577490937433855,
      1.9589014065252741,
      1.9598458536521328,
      1.9607126703157456,
      1.9614758705504738,
      1.9621159291172754,
      1.9626337944547818,
      1.9629630520949344,
      1.9632904233409898,
      1.9635191333050184,
      1.9637306193874735,
      1.9638862000241597,
      1.9639130939389677,
      1.9639967228501842,
      1.9640881359974838,
      1.9640995200385754,
      1.9641026656804095,
      1.9640117045064931,
      1.9640057638376875,
      1.9640519307867048,
      1.9639803836556615,
      1.9639254485310413,
      1.963785777590537,
      1.9637375138931203,
      1.9637154832218016,
      1.9635956413931746,
      1.9635052589680855,
      1.9633286060765904,
      1.963242695161266,
      1.9631269663869544,
      1.9629740149240043,
      1.9628671453405642,
      1.962679978553435,
      1.9625912361568523,
      1.9624067916620069,
      1.9622743747530988,
      1.9622115510129436,
      1.9620747447908469,
      1.9620368322957555,
      1.961771647429345,
      1.9616943229953185,
      1.9616903226248659,
      1.9615871781711285,
      1.9615551277062448,
      1.9611118574746182,
      1.9610490347769471,
      1.9610547901706561,
      1.9607446152077657,
      1.9607705179845294,
      1.960659423398412,
      1.9605967291889683,
      1.9604131135014231,
      1.9598619150402725,
      1.9599203737671544,
      1.9596841289398748,
      1.9596662267026546,
      1.9595637420131513,
      1.9591853483687374,
      1.9590529252265076,
      1.9586517089490068,
      1.9580503098438011,
      1.9573722546953591,
      1.9567402264982263,
      1.9564756450270395,
      1.9561386344359832,
      1.9558734550095456,
      1.9556396209868061,
      1.955278831494291,
      1.9547819718473283,
      1.9542149982293948,
      1.9538610017547722,
      1.9532894453715943,
      1.9527670996725901,
      1.9513642470336854,
      1.9500642208417005,
      1.9499193403125219,
      1.9489196725766951,
      1.9480946843080575,
      1.9474452838540319,
      1.9464137065965164,
      1.9445343218002993,
      1.9419166537709365,
      1.9392665036313173,
      1.9371209993062064,
      1.9355311023133053,
      1.9320896859988057,
      1.9285407266425225,
      1.9272654048780566,
      1.9241868836407605,
      1.9228085079984989,
      1.9186308431513508,
      1.9145670502577239,
      1.9133076260603559,
      1.9081938420716129,
      1.9082469449594202,
      1.8982030491178812,
      1.9150558046827098,
      1.895110271626782,
      1.9252508192775837,
      1.8840466622394996,
      1.896801847956312,
      1.8785324885234767,
      1.8805172865090383,
      1.879611256573775,
      1.8750842845531439,
      1.8795559735784733,
      1.8704792729068707,
      1.8849384537928593,
      1.8659771754819303,
      1.8939642828261254
   ],
   "output_testing" : [
      [
         0.067406105002089073,
         0.082051539126845055,
         0.067742739733415241,
         0.067895443828515908,
         0.11119878969089189,
         0.10299137943804321,
         0.17755587859585065,
         0.087904176187201574,
         0.068448776762546612,
         0.16680517163460079
      ],
      [
         0.066591474757526456,
         0.076989896005252231,
         0.068977322829494842,
         0.067261644935374842,
         0.10058183982052482,
         0.11762238227301519,
         0.158672406196569,
         0.13091436520078867,
         0.067594089970740706,
         0.1447945780107133
      ],
      [
         0.078337812698689682,
         0.11455059434599375,
         0.18434796730327233,
         0.080393279941616436,
         0.097939017425003883,
         0.10527135354846681,
         0.080777154065631615,
         0.09583031037294662,
         0.079396919077678166,
         0.083155591220700653
      ],
      [
         0.069630323582062573,
         0.081197854242153408,
         0.076186800123570833,
         0.070568314335959836,
         0.095980611207181765,
         0.12286949095437934,
         0.13954244767567661,
         0.14636839923101658,
         0.070672818760581374,
         0.1269829398874176
      ],
      [
         0.077911640378338906,
         0.11291912163709283,
         0.16742029386440171,
         0.079547609558697732,
         0.09483118622608136,
         0.11469484961705119,
         0.082675870127778189,
         0.10240554746047786,
         0.078988518173254751,
         0.088605362956825626
      ],
      [
         0.078055956309464075,
         0.1170443719012756,
         0.185494886404175,
         0.08016600658348183,
         0.094106007852490861,
         0.10603058570942707,
         0.080138422857487734,
         0.096681332276694509,
         0.079107214717368923,
         0.083175215388134535
      ],
      [
         0.066386499663214291,
         0.076381905922431589,
         0.066821934311705189,
         0.066950210354364714,
         0.10293849598576137,
         0.10389817584470649,
         0.17302777136727124,
         0.12209288793711832,
         0.067419962293354466,
         0.15408215632007224
      ],
      [
         0.070829237643978055,
         0.093063498222925131,
         0.072247916480921159,
         0.071550683236541249,
         0.12429631865341437,
         0.097498500510494815,
         0.16650407000575151,
         0.076574029187209056,
         0.071617257738737214,
         0.1558184883200274
      ],
      [
         0.071209424053677195,
         0.08697185297067199,
         0.075412174876333754,
         0.072154312457881786,
         0.096657711762562701,
         0.1243242415481301,
         0.13507728283431808,
         0.13273059779436316,
         0.072084905014257281,
         0.1333774966878041
      ],
      [
         0.067885191034435924,
         0.079579259410834713,
         0.070594415696532395,
         0.068632010642094565,
         0.099022741694422198,
         0.12042013442650511,
         0.15581251578690075,
         0.13012812880425306,
         0.068827096178589911,
         0.13909850632543141
      ],
      [
         0.067709606482575443,
         0.081583054214285716,
         0.068131305645161885,
         0.068257117179975624,
         0.11288756984406668,
         0.10237757035536214,
         0.17597496376966026,
         0.090634699880302719,
         0.0686693746659153,
         0.16377473796269426
      ],
      [
         0.078564803157861768,
         0.12425959664249971,
         0.18112290939858233,
         0.08029458367028823,
         0.10048741535786139,
         0.10348276731392303,
         0.081320414956537287,
         0.08465722737642821,
         0.079509980113553771,
         0.086300302012464247
      ],
      [
         0.067859602003722153,
         0.082733648743562663,
         0.068201320159722092,
         0.06838871324052731,
         0.11578512881186064,
         0.10059760403797216,
         0.17727575197708062,
         0.084964434596000019,
         0.068833132575970388,
         0.165360663853582
      ],
      [
         0.067220756273503351,
         0.08103848157724243,
         0.067590132528635716,
         0.067730605723373014,
         0.11210589793650351,
         0.10261693723959647,
         0.17658432847341962,
         0.09023794422196274,
         0.068270745908533048,
         0.16660417011723005
      ],
      [
         0.074229224081645728,
         0.10239481914607385,
         0.1240190552403538,
         0.074985758242326034,
         0.097968388326807945,
         0.1327019807340265,
         0.10080073197254173,
         0.097072315015041336,
         0.075323249704944403,
         0.12050447753623866
      ],
      [
         0.067521050520208042,
         0.081894226755971009,
         0.067858712769596249,
         0.068012786592875782,
         0.10738673892781633,
         0.10478447287921692,
         0.17707698094494873,
         0.093737694674318209,
         0.068455471390752254,
         0.16327186454429646
      ],
      [
         0.071948299178116182,
         0.085103020207882379,
         0.12006073349060287,
         0.073202618358439123,
         0.084652178589225011,
         0.13392947491818116,
         0.089518347463309569,
         0.17688283251628448,
         0.073267886443923499,
         0.091434608834035813
      ],
      [
         0.077450478778032253,
         0.098711599029752947,
         0.11229297381208124,
         0.07884006959914891,
         0.097794021892057631,
         0.1232348683685682,
         0.097817000048798827,
         0.13768092542831617,
         0.078574186838482246,
         0.097603876204761589
      ],
      [
         0.068996777321206182,
         0.085262403761641792,
         0.069270019279046524,
         0.069634341761334553,
         0.13024711008450035,
         0.091967968390775007,
         0.17571855639040981,
         0.075899551365462489,
         0.069828701293142031,
         0.16317457035248126
      ],
      [
         0.065880741383624389,
         0.074325856388672132,
         0.066614325809849759,
         0.066615273420043614,
         0.095725276155932182,
         0.10786641515445064,
         0.16729287965915504,
         0.14748325636799101,
         0.066929216551152387,
         0.14126675910912884
      ],
      [
         0.066119914488507556,
         0.076634764384821419,
         0.066617159038993526,
         0.066585593722743586,
         0.10908143428289391,
         0.10526034967265807,
         0.17412387361020304,
         0.10724250760092288,
         0.067205788578653378,
         0.16112861461960276
      ],
      [
         0.067470230111631571,
         0.080465425283600636,
         0.067873416855420046,
         0.068015727543473473,
         0.10866650869026215,
         0.10422695793597699,
         0.17548590233425268,
         0.099330722507927335,
         0.068421492226934444,
         0.16004361651052071
      ],
      [
         0.069113715740241041,
         0.086059293936998599,
         0.069841806156773739,
         0.069752134717824252,
         0.11923620201508761,
         0.098495378746688192,
         0.17585378483487768,
         0.081175019269439375,
         0.070004870559594617,
         0.16046779402247485
      ],
      [
         0.069192637231675125,
         0.08493853322878285,
         0.070023210865619703,
         0.069902005684412308,
         0.12703050456041945,
         0.096229049670762984,
         0.17139699867757474,
         0.079480406873455089,
         0.070089443930578671,
         0.16171720927671926
      ],
      [
         0.077247340584504706,
         0.10840702366075125,
         0.10791577779352696,
         0.078240890140587729,
         0.11269581915190641,
         0.11951865504847294,
         0.10084856127520619,
         0.088443245231695208,
         0.0782229813301418,
         0.12845970578320681
      ],
      [
         0.069644837835761808,
         0.087915045298527728,
         0.070227531272946675,
         0.070341283003631988,
         0.12508729711422251,
         0.094954040723352007,
         0.17543637156357589,
         0.077113889162105112,
         0.070449221111015398,
         0.15883048291486085
      ],
      [
         0.066693051184574567,
         0.077673051487262779,
         0.067826257432074682,
         0.067362335342425222,
         0.10088742280872789,
         0.11596537293816805,
         0.16584493936289477,
         0.12608469324833618,
         0.067611003516920454,
         0.14405187267861538
      ],
      [
         0.076735507726391525,
         0.1091624500661217,
         0.098531727571919608,
         0.077857584263316376,
         0.12739996165303774,
         0.11146448565909516,
         0.10469040852377282,
         0.080935274261128898,
         0.077478765856401441,
         0.1357438344188146
      ],
      [
         0.069498322786773162,
         0.085202848294407052,
         0.070869752102560274,
         0.070178915429862598,
         0.11722976358613856,
         0.10553533210479468,
         0.16731485844364452,
         0.088158250242129949,
         0.070383681248412031,
         0.15562827576127714
      ],
      [
         0.067985888419210702,
         0.082055750935447785,
         0.068529130158910684,
         0.068574513789839753,
         0.11290640036042407,
         0.10298057994449773,
         0.1748184520146881,
         0.091948341636058015,
         0.068935614727557784,
         0.16126532801336543
      ],
      [
         0.070567811326995772,
         0.085457380662893684,
         0.075483529879572533,
         0.071447473610162543,
         0.098827613262177497,
         0.12196161827608311,
         0.1429702548402656,
         0.12568216157349227,
         0.071503348515455131,
         0.13609880805290178
      ],
      [
         0.066669105831483902,
         0.076116198450648598,
         0.068069598271344511,
         0.06742519763433738,
         0.096299364063385226,
         0.11318547029828449,
         0.16421624345738414,
         0.14381239167890189,
         0.067719398510426076,
         0.13648703180380367
      ],
      [
         0.068022785074395242,
         0.083192884571997958,
         0.068409418024352547,
         0.068564300754451565,
         0.11258726286085451,
         0.10193836361934917,
         0.17698849727087007,
         0.08763448833396846,
         0.068967881477545914,
         0.16369411801221442
      ],
      [
         0.06752823751245679,
         0.07960695674249256,
         0.068013097072606513,
         0.06809942753344797,
         0.11363615474089434,
         0.10124789649984256,
         0.17515372562188594,
         0.096256008412762967,
         0.068515903538046499,
         0.16194259232556382
      ],
      [
         0.073098542764837765,
         0.096803226062934039,
         0.081015387823022644,
         0.073924376330247482,
         0.10979925399669808,
         0.12075273035270248,
         0.13436502720092913,
         0.088152062419188215,
         0.073927188084852546,
         0.14816220496458762
      ],
      [
         0.070243318071719615,
         0.086852374457223103,
         0.07380805193984917,
         0.071034254713543521,
         0.11122452975722562,
         0.11650971437350839,
         0.15475305343123669,
         0.094471923792897608,
         0.071116618147375188,
         0.14998616131542106
      ],
      [
         0.067293461061572621,
         0.081343194579301739,
         0.067666968868217381,
         0.067766676406252321,
         0.10750691217666455,
         0.10559272205811689,
         0.17675748971999292,
         0.094575248233817605,
         0.068251993827303639,
         0.16324533306876049
      ],
      [
         0.065246241148945047,
         0.073810742060478232,
         0.065790160790839672,
         0.065723749317200472,
         0.10228045197138043,
         0.10729952494028805,
         0.17151088508210308,
         0.130266128223334,
         0.066325551576864289,
         0.15174656488856653
      ],
      [
         0.067442990785053572,
         0.079959789656423308,
         0.067919267847536491,
         0.068029592162882846,
         0.10988109663806291,
         0.10240561532933615,
         0.17430900289994616,
         0.09937561733578644,
         0.068432725826279073,
         0.16224430151869301
      ],
      [
         0.073328076704777451,
         0.088936872076295248,
         0.091574115499064662,
         0.074507697581710011,
         0.091278227895044126,
         0.13252884292543393,
         0.10593836494287491,
         0.15980078676254936,
         0.074376633110807458,
         0.10773038250144271
      ],
      [
         0.069915920570511214,
         0.080340810394715523,
         0.074473109989291075,
         0.071029793617452458,
         0.092122516506335017,
         0.1241579229599238,
         0.13856769753134335,
         0.16195805461519733,
         0.070887384137496026,
         0.11654678967773424
      ],
      [
         0.06909140309977721,
         0.083578916230352837,
         0.070889295789741499,
         0.069829972573688504,
         0.11021868637884043,
         0.11272547205378131,
         0.16125595531192968,
         0.099870112707694914,
         0.069964187682173648,
         0.15257599817202011
      ],
      [
         0.065981063445784513,
         0.073690899107394237,
         0.067127671954049936,
         0.066746376402038482,
         0.096493181208920059,
         0.10910942385862281,
         0.16526215605744121,
         0.15226985738222826,
         0.06709869310132692,
         0.13622067748219358
      ],
      [
         0.077328236439733716,
         0.11266647275543278,
         0.1905497091125424,
         0.079474517939657013,
         0.092865980023885658,
         0.10544511929881058,
         0.079138845084901599,
         0.10376952219245308,
         0.07835857481043719,
         0.080403022342145983
      ],
      [
         0.079147580009397478,
         0.11738156701325951,
         0.13469109435864771,
         0.080419784596317975,
         0.11151321847764728,
         0.11292245973762452,
         0.090983693324524134,
         0.086069991209589136,
         0.080096727034214596,
         0.10677388423877755
      ],
      [
         0.067908985051081089,
         0.079745155987789779,
         0.068701688220300858,
         0.068613355232875317,
         0.12428648555966405,
         0.097507430439611395,
         0.17225336767240984,
         0.089280776651521593,
         0.068965075963656725,
         0.16273767922108942
      ],
      [
         0.067974503215902524,
         0.082223692601309697,
         0.069201153397143542,
         0.068599934114850214,
         0.11405566546881732,
         0.10630187298483826,
         0.17005843524720068,
         0.091090733887628617,
         0.068972931256612621,
         0.16152107782569644
      ],
      [
         0.069193141202346001,
         0.088511934398781911,
         0.069912673837150663,
         0.069810569224157765,
         0.1179447613704348,
         0.10174500405912947,
         0.17159770445146913,
         0.079375510680414998,
         0.07002732297637361,
         0.16188137779974154
      ],
      [
         0.069344453056309444,
         0.090528037412115028,
         0.070111903302153611,
         0.069943091588911918,
         0.11445889632821017,
         0.10380206618481053,
         0.17198035940343526,
         0.078944510486388411,
         0.070142163752558648,
         0.1607445184851071
      ],
      [
         0.067752905892999329,
         0.080838444078802099,
         0.068190283607787075,
         0.068317582069548549,
         0.11690232148588604,
         0.10065786332418983,
         0.17575167640574788,
         0.089898667223751672,
         0.068741806492801483,
         0.16294844941848613
      ],
      [
         0.066080490576162429,
         0.070821087144834094,
         0.067857039274056744,
         0.067074259352275262,
         0.088652608778266681,
         0.11639732861815826,
         0.15959936132268693,
         0.17408757083209095,
         0.067226824402923699,
         0.12220342969854497
      ],
      [
         0.06751463686109585,
         0.079120358453534573,
         0.068340951150732701,
         0.068151974484908909,
         0.12355417740029305,
         0.098362220956277099,
         0.17261642423214527,
         0.089850379211642975,
         0.068610293507816125,
         0.16387858374155334
      ],
      [
         0.075543954152702583,
         0.11213382565975814,
         0.080805719422520295,
         0.076478840089320765,
         0.13689844657766753,
         0.096563955056904807,
         0.13160091246709302,
         0.076822666378840637,
         0.07618055564556668,
         0.13697112454962548
      ],
      [
         0.075236369911970163,
         0.09737373472184066,
         0.099642857464911971,
         0.076398181683912533,
         0.12396303631944475,
         0.11795378193398216,
         0.11037705433341888,
         0.086131618966539938,
         0.076151433570480695,
         0.13677193109349836
      ],
      [
         0.076771776506673148,
         0.12658545023236581,
         0.18370611093237532,
         0.078111276058606904,
         0.10518013398248924,
         0.10305525262540977,
         0.080825000635230307,
         0.079247986541872456,
         0.077750907695853563,
         0.088766104789123529
      ],
      [
         0.06617618975118579,
         0.075561279970759232,
         0.06740411219241664,
         0.066793890379902965,
         0.10483577089353704,
         0.10951031108266712,
         0.16679253070755312,
         0.12635174789862938,
         0.067215875141856715,
         0.14935829198149211
      ],
      [
         0.068112934166922351,
         0.082759829235687254,
         0.068581988655394652,
         0.068705768332716688,
         0.11973952874579857,
         0.098473314994900266,
         0.17634354400987026,
         0.08322501075468336,
         0.069087198151887783,
         0.16497088295213905
      ],
      [
         0.069965305154595439,
         0.089076043175657593,
         0.071431932358427014,
         0.070689288463688799,
         0.11810155482748404,
         0.104887457070916,
         0.16488793856994172,
         0.081391172081973329,
         0.070794960755086955,
         0.15877434754222927
      ],
      [
         0.074452647541986092,
         0.088984835722007521,
         0.083041366669047004,
         0.075846478201709866,
         0.09896215876288797,
         0.12204576812555343,
         0.12164487989904109,
         0.14748910192047618,
         0.07541094994536976,
         0.11212181321192115
      ],
      [
         0.077130192963952668,
         0.11473012888386315,
         0.15320646630448009,
         0.078327888892358033,
         0.10561096152642778,
         0.11603225315472071,
         0.089504447269228349,
         0.084745756897020852,
         0.078154839211813321,
         0.10255706489613499
      ],
      [
         0.067263707743726087,
         0.079742315983267947,
         0.067637745149105338,
         0.067763356294066449,
         0.10942576213580842,
         0.10361556498105788,
         0.17620782203237439,
         0.098414904876718945,
         0.06824317860386557,
         0.16168564220000892
      ],
      [
         0.066206443213372032,
         0.075864376523526886,
         0.066860414805932536,
         0.066785957529625087,
         0.10291014306800175,
         0.10646908797525988,
         0.17111545162747779,
         0.12645608264689959,
         0.06723562837271975,
         0.15009641423718478
      ],
      [
         0.068599720967453912,
         0.079505847165788152,
         0.070563154079643836,
         0.069413207611355415,
         0.11171991887950172,
         0.10900595656725422,
         0.16429012353125388,
         0.11316797428998479,
         0.069568011902755078,
         0.14416608500500902
      ],
      [
         0.065826511973644572,
         0.07416083614292597,
         0.067059296792617573,
         0.066514011179681698,
         0.098882567124097362,
         0.11086219011695529,
         0.16435100416370974,
         0.14355651943022296,
         0.066867809680207627,
         0.14191925339593725
      ],
      [
         0.068339037113165482,
         0.08458608845249739,
         0.069091117434592661,
         0.068932484740072783,
         0.1142495526601906,
         0.10257641431944908,
         0.17418518996383461,
         0.085401985103970207,
         0.069308346815652608,
         0.16332978339657442
      ],
      [
         0.075595875403521307,
         0.10963707859675427,
         0.17989689979162787,
         0.077014922206951261,
         0.08719573929798291,
         0.11770154391912353,
         0.080041873157609689,
         0.11429846209186358,
         0.076710202688373072,
         0.081907402846192537
      ],
      [
         0.067937684865042397,
         0.075592731190014362,
         0.071195642893613492,
         0.068983506715138893,
         0.086912503464118163,
         0.1282901263781368,
         0.14655960871970677,
         0.1726050824548033,
         0.068909435768515562,
         0.11301367755091035
      ],
      [
         0.066025852522977324,
         0.075649798923767372,
         0.06648946956900996,
         0.066610046574515192,
         0.095700857599665373,
         0.10823872153894105,
         0.17097224066031128,
         0.13833909551541229,
         0.066988983699632632,
         0.14498493339576757
      ],
      [
         0.066394223231294347,
         0.07518475645166571,
         0.067796849137800597,
         0.067152879534813401,
         0.097543977302489301,
         0.11133308103601211,
         0.16333446079763575,
         0.1451251033504409,
         0.067448095980167821,
         0.1386865731776801
      ],
      [
         0.078434692974984649,
         0.10468312582884927,
         0.11987792742881691,
         0.079837714195562501,
         0.10369436508993367,
         0.12450636642661525,
         0.096701330890418408,
         0.10778879953583791,
         0.079440290000982336,
         0.10503538762799913
      ],
      [
         0.065396448694093015,
         0.073196583313107175,
         0.066029216013783268,
         0.066004526382539674,
         0.097858462040176231,
         0.10731131943573373,
         0.16884120396899255,
         0.14651632273819912,
         0.066452688680713828,
         0.14239322873266139
      ],
      [
         0.068123727642270204,
         0.078315029309967893,
         0.069816904326601495,
         0.069008771842372404,
         0.10078179104744622,
         0.11340863028768812,
         0.15617649073725998,
         0.1382832948897938,
         0.069028839541158446,
         0.1370565203754413
      ],
      [
         0.065109270688784582,
         0.073004980552870552,
         0.065911260245805098,
         0.065681055213922715,
         0.099604926540562383,
         0.10899873600074612,
         0.16832015999355687,
         0.14128486869916676,
         0.066187036870249377,
         0.1458977051943354
      ],
      [
         0.067237514807877818,
         0.079003954370543458,
         0.067685397903588351,
         0.067785629991368099,
         0.11024859578794886,
         0.103400096212593,
         0.17482949684239338,
         0.10255796751189895,
         0.068215735378984094,
         0.15903561119280402
      ],
      [
         0.068693691283795211,
         0.082602146013631902,
         0.070228541608241171,
         0.069407278996683919,
         0.10482281649950889,
         0.11224457370013172,
         0.16694510893666623,
         0.11008292943483942,
         0.069632078377892814,
         0.14534083514860874
      ],
      [
         0.06552969401138603,
         0.070035103946255436,
         0.066550240307612862,
         0.066403659164571069,
         0.08905596122459182,
         0.11010726525908737,
         0.16597834769735961,
         0.17275847146783369,
         0.066776721234829542,
         0.12680453568647262
      ],
      [
         0.066294342529981717,
         0.076756830828439787,
         0.066796710006286286,
         0.066821219650998423,
         0.098845910637152853,
         0.10903558808568573,
         0.17243275452383061,
         0.12813337110776607,
         0.067248344132542728,
         0.14763492849731583
      ],
      [
         0.073687109527923164,
         0.095861144554103897,
         0.081254966745996429,
         0.074587902980986609,
         0.10638111013153938,
         0.12310053241811734,
         0.12847790950375462,
         0.09954809985649743,
         0.074578963664046344,
         0.14252226061703477
      ],
      [
         0.067372935924452773,
         0.080631719503814342,
         0.067735128966342997,
         0.067870896626432947,
         0.11249025795875156,
         0.10235757455920341,
         0.17678444832683127,
         0.091352663199721157,
         0.068386101573333274,
         0.1650182733611163
      ],
      [
         0.071719950319290654,
         0.09205620342572407,
         0.075209058233115536,
         0.072559064877674814,
         0.12123561242220698,
         0.10747781766519665,
         0.15071694145789366,
         0.082850740947386703,
         0.072548324877454023,
         0.15362628577405688
      ],
      [
         0.066931100036144331,
         0.077842228052758616,
         0.06762561882470973,
         0.06750460595194871,
         0.11613388135734669,
         0.10188723718803126,
         0.1733949708990393,
         0.098899691462096706,
         0.068009565521883947,
         0.16177110070604064
      ],
      [
         0.06956544025028627,
         0.088126809108169959,
         0.071247693046918859,
         0.070194327986553617,
         0.10366868389301179,
         0.11401771696954736,
         0.16492408758122612,
         0.096478604163634574,
         0.070461167599131957,
         0.15131546940151952
      ],
      [
         0.066191535413064814,
         0.075785950947164865,
         0.066747517698360556,
         0.066740417630818602,
         0.10792827405565643,
         0.10275758014040684,
         0.17235363534853565,
         0.11577249593790051,
         0.067263075968084271,
         0.15845951686000739
      ],
      [
         0.069972261261099553,
         0.089217081821804003,
         0.071259301328150851,
         0.070796746298095473,
         0.12702971000684046,
         0.098943164513725493,
         0.16716811169585946,
         0.076812175814168798,
         0.070763381095547126,
         0.15803806616470864
      ]
   ],
   "output_training" : [
      [
         0.069544922181253979,
         0.0889981582104383,
         0.070192884817450008,
         0.070192203902181408,
         0.12235133890532922,
         0.09652508339282985,
         0.17480823467416964,
         0.077372208108645119,
         0.070378569939547164,
         0.15963639586815531
      ],
      [
         0.07613519207516993,
         0.11465231320579297,
         0.17884501028225189,
         0.077359839531306901,
         0.094030486577363376,
         0.11747410030335162,
         0.081162185647818297,
         0.09312093619733175,
         0.077264839595867191,
         0.089955096583746036
      ],
      [
         0.078158440124218409,
         0.12247368630393088,
         0.19516896479842483,
         0.080628174055788121,
         0.10003845905725557,
         0.098035156926518874,
         0.07925383480943396,
         0.085602866251306767,
         0.079163724422801646,
         0.081476693250320975
      ],
      [
         0.076971884581134048,
         0.11562170072579107,
         0.19134440082272378,
         0.078651395734360974,
         0.094453592521594118,
         0.1086031354937276,
         0.079575080195643771,
         0.093514121544796311,
         0.078079663231813035,
         0.083185025148415442
      ],
      [
         0.078020699451080547,
         0.12343627863541851,
         0.19469812120654018,
         0.080277261833762714,
         0.099428899095239054,
         0.098961469629211068,
         0.079310035991410371,
         0.084668293851673168,
         0.079006041966589904,
         0.082192898339074671
      ],
      [
         0.078225315348036353,
         0.12345308730459363,
         0.19496359064794275,
         0.080765974839498725,
         0.098489910244283912,
         0.098060267273261531,
         0.079303071383745843,
         0.085865013704576845,
         0.079218817063967772,
         0.081654952190092639
      ],
      [
         0.072518857933404735,
         0.088747395522898925,
         0.074651915978859243,
         0.073482819566783236,
         0.11553430398012121,
         0.10418494673588806,
         0.15792652539456251,
         0.098757850479493994,
         0.073438133818982371,
         0.14075725058900579
      ],
      [
         0.076659507075023711,
         0.13537694147347842,
         0.17889680550800696,
         0.077845423939605696,
         0.11019194902328069,
         0.097754695342705741,
         0.079934521985793539,
         0.077474379332120508,
         0.077490955071134793,
         0.088374821248849919
      ],
      [
         0.077844180625418091,
         0.12194007856496403,
         0.18501108734005448,
         0.079579139523579576,
         0.094924750657819953,
         0.10754912445285202,
         0.079983740281237656,
         0.089379347366219317,
         0.078832668206985951,
         0.084955882980868994
      ],
      [
         0.076912767919032801,
         0.11916363618987071,
         0.18587329683221987,
         0.078328053278879012,
         0.09509637649485872,
         0.11185349825511187,
         0.080311171078932334,
         0.088986608673724155,
         0.077981433030594474,
         0.085493158246775988
      ],
      [
         0.077590773565976892,
         0.1135016103555134,
         0.094814096970922565,
         0.078587984126798627,
         0.12216031048652091,
         0.11384684081148397,
         0.10464420353108655,
         0.081637162203311964,
         0.078295004786723701,
         0.13492201316166152
      ],
      [
         0.07793664547090462,
         0.12758542510853793,
         0.1929967221734756,
         0.080039356192798186,
         0.10215231630878245,
         0.09708704061249343,
         0.079244797760661359,
         0.081486999154472273,
         0.07886541182122718,
         0.082605285396646896
      ],
      [
         0.07396676588948975,
         0.10156676434635668,
         0.077450676196917728,
         0.074864937749852575,
         0.13365423934808129,
         0.097694425016445333,
         0.14572521613671824,
         0.07693650665345092,
         0.07466442965788489,
         0.14347603900480249
      ],
      [
         0.069118767835971276,
         0.087050397823618661,
         0.06983828015600016,
         0.069760925814614405,
         0.12093050232042409,
         0.1009009260107728,
         0.16977718964885935,
         0.080308793390921951,
         0.06996983518865299,
         0.16234438181016422
      ],
      [
         0.075886974375113367,
         0.12462971752297256,
         0.19102052982352846,
         0.077096619399290009,
         0.10043091238003503,
         0.10783826010896451,
         0.079669617265764728,
         0.079641203506767219,
         0.076924725893025819,
         0.086861439724538372
      ],
      [
         0.072481286834381722,
         0.098390522692552301,
         0.074781742270645366,
         0.073169742651127967,
         0.11585911813848662,
         0.10500187784334031,
         0.15629748215324099,
         0.080258311689143727,
         0.073252046726285297,
         0.15050786900079569
      ],
      [
         0.075759777361754849,
         0.10575591215414736,
         0.19127768317338686,
         0.077593499996578788,
         0.090337242193979206,
         0.10816501451271872,
         0.077625432987047466,
         0.11714572596979125,
         0.07690419549617275,
         0.079435516154422764
      ],
      [
         0.078036359090331547,
         0.12013233604267694,
         0.19414249326820085,
         0.080151877362629728,
         0.097472485417321661,
         0.10107990670695734,
         0.079403798371655787,
         0.088921402375435457,
         0.079031192001589687,
         0.081628149363201161
      ],
      [
         0.072921244327749102,
         0.098996939435959025,
         0.074557808013300322,
         0.073845049742689406,
         0.1439729938938967,
         0.08891495970959179,
         0.15626774394792611,
         0.074549217931663844,
         0.073546055330379265,
         0.14242798766684436
      ],
      [
         0.077652289144522157,
         0.1045195173346077,
