{
   "errors_training" : [
      2.1178085595768441,
      2.0241986968118888,
      2.0158219364641554,
      2.0167857488392738,
      2.0044481695523237
   ],
   "errors_validation" : [
      2.2934091899037043,
      2.1674072309418873,
      2.1356919273165604,
      2.120015357658771,
      2.1043265221269758
   ],
   "output_testing" : [
      [
         0.045765367937410872,
         0.1026927566107055,
         0.11465206960662608,
         0.044989860644431369,
         0.15433461532293299,
         0.11551355528034622,
         0.12086976533577726,
         0.094377971605502917,
         0.079253825997801855,
         0.12755021165846497
      ],
      [
         0.044559121346072705,
         0.10587577800786604,
         0.1216003185990039,
         0.043456760270357955,
         0.14986620282367197,
         0.117262914583453,
         0.1198075562708328,
         0.091479612508085353,
         0.081763165962155174,
         0.12432856962850086
      ],
      [
         0.045653985304592255,
         0.10639848185423778,
         0.11693569169316474,
         0.044667187028548619,
         0.15027555546438581,
         0.11343931534191563,
         0.11903509280831635,
         0.090238794214810666,
         0.081745551316367723,
         0.1316103449736605
      ],
      [
         0.04586970077632066,
         0.10795000109921836,
         0.13908274555788669,
         0.044032806045083459,
         0.14122636810023723,
         0.11087236884841735,
         0.12502770036245098,
         0.083991707506129928,
         0.086645336032297918,
         0.11530126567195739
      ],
      [
         0.043936946131349665,
         0.10164963354765608,
         0.11444121117204495,
         0.043442342607390355,
         0.15556248769143538,
         0.1216272877812663,
         0.12396954268777478,
         0.095123580577499575,
         0.078467618998825664,
         0.12177934880475733
      ],
      [
         0.042850971924900096,
         0.10268978593625767,
         0.11087221935661372,
         0.042179616217465812,
         0.1569068086156509,
         0.12410597052509757,
         0.11802677020017963,
         0.099509813382053613,
         0.07792178977303077,
         0.12493625406875024
      ],
      [
         0.046116208122282801,
         0.10474077409481293,
         0.12177062798291369,
         0.044649628652085917,
         0.14788922410833888,
         0.11158904991625024,
         0.1195963824625922,
         0.089418699803392176,
         0.083919446773356221,
         0.13030995808397494
      ],
      [
         0.043964592884452258,
         0.10331488633167184,
         0.12614690023144398,
         0.042794248121008842,
         0.15164110761474633,
         0.11903799676225499,
         0.1215306809805438,
         0.093964141119436406,
         0.081096998202462314,
         0.11650844775197917
      ],
      [
         0.045886073996267769,
         0.10796527493310665,
         0.1258890343661703,
         0.044117055468609306,
         0.14356778411441132,
         0.11126222474041851,
         0.12016855491050796,
         0.086430506832098145,
         0.086530811355176512,
         0.12818267928323365
      ],
      [
         0.046439108999737716,
         0.10924956266589646,
         0.13866591065937547,
         0.043956011451781768,
         0.13901888281668667,
         0.10838578109257259,
         0.12002272560685245,
         0.084707591677094629,
         0.088792823686027561,
         0.12076160134397447
      ],
      [
         0.04468932536182605,
         0.10492095927434962,
         0.12185708231570724,
         0.043296500638202257,
         0.14951222829228589,
         0.11612602672178357,
         0.11949460847849945,
         0.092733932541456246,
         0.082761674174654076,
         0.12460766220123558
      ],
      [
         0.045517317713667925,
         0.12511077748912383,
         0.11851356666578315,
         0.042251864049546825,
         0.1422113543559955,
         0.10972178519420964,
         0.088961352061125723,
         0.096603122529767813,
         0.083488630870606567,
         0.14762022907017305
      ],
      [
         0.043777966298007634,
         0.10943286289425522,
         0.116263609809465,
         0.042539448420310592,
         0.14810676835314371,
         0.1192291581121605,
         0.11886820291376611,
         0.093160646963368871,
         0.082678323115210117,
         0.12594301312031231
      ],
      [
         0.044108632389769052,
         0.10421258801484484,
         0.1190597840699163,
         0.042673392494031404,
         0.15269636434533776,
         0.11890165898573701,
         0.11508756176587709,
         0.099199472608706693,
         0.080372036046043899,
         0.12368850927973579
      ],
      [
         0.043516293566436104,
         0.11023387756765277,
         0.12961392410063594,
         0.041826167778668967,
         0.14497258808139749,
         0.11584984216286191,
         0.11670038889905524,
         0.0904654335916934,
         0.085638480896765692,
         0.12118300335483256
      ],
      [
         0.044699969499222836,
         0.1016478911231176,
         0.12338540177361289,
         0.043285339099493149,
         0.15144716195238256,
         0.11698755389072722,
         0.12033426057215678,
         0.095381855588455772,
         0.0818665477904469,
         0.12096401871038417
      ],
      [
         0.045205085974376003,
         0.10695694152237277,
         0.12180492235776096,
         0.043881019576739531,
         0.14827199262000346,
         0.1146756349935317,
         0.11683475442540651,
         0.091455690761728936,
         0.082687666326733883,
         0.12822629144134637
      ],
      [
         0.045510386665423612,
         0.11188358347707446,
         0.12880846429302356,
         0.042962618961104211,
         0.14141959289967856,
         0.11059054344561095,
         0.11177825418459501,
         0.089658719373935492,
         0.087893869052171239,
         0.129493967647383
      ],
      [
         0.044531275567644316,
         0.10564303531124075,
         0.11995508998543182,
         0.043978258545822782,
         0.15037649778133153,
         0.1154375836850368,
         0.12506921524746914,
         0.087094219629051076,
         0.082247247464996759,
         0.12566757678197488
      ],
      [
         0.045898706248590208,
         0.10632312787604756,
         0.12847428010786913,
         0.043618726961336424,
         0.14471186147864318,
         0.11148915576258255,
         0.1181313591765073,
         0.091222256660419762,
         0.086083019654023998,
         0.12404750607398005
      ],
      [
         0.042610584915421801,
         0.11226615521279509,
         0.11983559126644293,
         0.041370389975989498,
         0.15045106238507228,
         0.11906935692987637,
         0.10778616009177759,
         0.095708720827359928,
         0.081090844853667632,
         0.12981113354159679
      ],
      [
         0.044352602910254231,
         0.1069359531112043,
         0.12041492731362048,
         0.042963888949335893,
         0.14902745445683513,
         0.11520796340564345,
         0.11812851758500739,
         0.092422850649599653,
         0.083633091904283932,
         0.12691274971421557
      ],
      [
         0.043415770985259068,
         0.11143600062471849,
         0.12047341193834066,
         0.041382303518092335,
         0.14541798333659012,
         0.11602249349912633,
         0.11007199012367064,
         0.096065395433031539,
         0.085957058908003245,
         0.12975759163316755
      ],
      [
         0.045615281496654669,
         0.10535413013586253,
         0.12006781870236244,
         0.04448030723820777,
         0.14867320225260458,
         0.11371748755888683,
         0.11988161078490997,
         0.089612493415854033,
         0.082834100070942274,
         0.12976356834371491
      ],
      [
         0.043617612828923479,
         0.10978543108161064,
         0.10889778153045207,
         0.042565006006770108,
         0.15140682450491103,
         0.11604721973943539,
         0.10914440803367448,
         0.093687355234679068,
         0.082233954289371552,
         0.1426144067501722
      ],
      [
         0.04521579890307411,
         0.11518361595777279,
         0.12479091438791461,
         0.042882636570508496,
         0.1417003642889772,
         0.11029401408720108,
         0.10765549134185695,
         0.089344667561100238,
         0.087427704738856762,
         0.13550479216273789
      ],
      [
         0.043802766593795603,
         0.10322360075102442,
         0.11348376900457662,
         0.042616944962973684,
         0.15372021306580638,
         0.11792155008155024,
         0.11613657765286683,
         0.097155250933757029,
         0.081377455187124928,
         0.13056187176652426
      ],
      [
         0.045465268394851252,
         0.10740670743038123,
         0.1239955047722706,
         0.044033599957171994,
         0.14547574769694996,
         0.1129516718163588,
         0.1208743121627705,
         0.087452252703117725,
         0.085044970749477644,
         0.12729996431665014
      ],
      [
         0.045298644528777764,
         0.10809711073751437,
         0.12205237867981496,
         0.043948984427150353,
         0.14643553365766918,
         0.11306386551960575,
         0.11923742836465251,
         0.088326626329649341,
         0.08445888336966427,
         0.12908054438550148
      ],
      [
         0.044852673929495372,
         0.098024578074738633,
         0.11262002670238638,
         0.044299363004009565,
         0.15605611499262859,
         0.11956832718819238,
         0.12773857174741166,
         0.093443879333099431,
         0.079381981976005753,
         0.12401448305203222
      ],
      [
         0.04470914758909994,
         0.10386015675045022,
         0.12065077901286463,
         0.043840160849387105,
         0.150151747508426,
         0.11673166918317671,
         0.12499479167363806,
         0.089402885553101843,
         0.082282436939951437,
         0.12337622493990393
      ],
      [
         0.046629764329917653,
         0.10180988576389796,
         0.12024456769609057,
         0.044991972000420058,
         0.15035801777629212,
         0.110868916300826,
         0.11841492475086407,
         0.093122539005332031,
         0.082966355153064247,
         0.13059305722329537
      ],
      [
         0.046614488987832423,
         0.10180428883235138,
         0.11342808760170436,
         0.045789291111271321,
         0.15170574430169592,
         0.11198967023114513,
         0.12305558523236726,
         0.089935039259617447,
         0.081632791604955998,
         0.13404501283705861
      ],
      [
         0.046606232792408393,
         0.10722545746096765,
         0.12910571721070832,
         0.04506906584881161,
         0.14353492472647783,
         0.10928033711994944,
         0.11894325836015947,
         0.086150922571204033,
         0.085517232935661214,
         0.12856685097365195
      ],
      [
         0.043485763440243554,
         0.10840773622597119,
         0.12551365341804593,
         0.041963593443703651,
         0.14799324328394706,
         0.11731660801378575,
         0.11299290772338592,
         0.093576766564559835,
         0.083614476636428445,
         0.12513525124992872
      ],
      [
         0.044807354046568861,
         0.10647111326665813,
         0.13007059082161895,
         0.043539921415785367,
         0.14422856254224509,
         0.11444272747104017,
         0.12702317586228382,
         0.084555045712850233,
         0.085804114736731912,
         0.11905739412421737
      ],
      [
         0.044277242176120141,
         0.10295352924379424,
         0.12164019947029338,
         0.042791327235355017,
         0.15254167523122036,
         0.11850075312647444,
         0.11666044188488336,
         0.09872329009428657,
         0.08077434192865221,
         0.12113719960892033
      ],
      [
         0.044894283538686942,
         0.096643642036576494,
         0.097352864134009523,
         0.045975280876499658,
         0.16288312043606865,
         0.12342883941081627,
         0.13174966026740351,
         0.096239114354829666,
         0.073569132033505416,
         0.12726406291160403
      ],
      [
         0.047067305023800382,
         0.11371366117688106,
         0.13498192728321232,
         0.044297755109997727,
         0.13911524442791257,
         0.10646627535627023,
         0.11134990999154536,
         0.086342253459552556,
         0.087698896356739109,
         0.12896677181408867
      ],
      [
         0.044100726176570661,
         0.099552336229521324,
         0.11419079487402341,
         0.04369139951022491,
         0.15677447694675523,
         0.12155570291616012,
         0.12649630932882358,
         0.094711411720305422,
         0.07828074395980382,
         0.12064609833781158
      ],
      [
         0.043633596735873331,
         0.10335962294707335,
         0.12407992437306531,
         0.042576393350127723,
         0.15152746223408142,
         0.11943000989415657,
         0.12129512166113182,
         0.092961537894411791,
         0.081593213402278084,
         0.11954311750780054
      ],
      [
         0.047235297361403937,
         0.095991878445391768,
         0.11685769267990843,
         0.046450629673778075,
         0.15601468589961856,
         0.11390844476110629,
         0.12652434899454479,
         0.095206731106571491,
         0.078688389353812255,
         0.12312190172386438
      ],
      [
         0.046684871101631858,
         0.10790285565892235,
         0.12600492546426303,
         0.045610835393883255,
         0.14304853760327715,
         0.10920266533088285,
         0.12416433266034015,
         0.082351443539339139,
         0.085918280777239731,
         0.12911125247022046
      ],
      [
         0.045919279666008374,
         0.10836314650879099,
         0.13159891138190657,
         0.043725192861399836,
         0.14265301863351829,
         0.11059633756432261,
         0.11817359154390392,
         0.088216616575804749,
         0.086778249253029099,
         0.12397565601131552
      ],
      [
         0.043124798432054065,
         0.10933918078040594,
         0.12409546446793186,
         0.041629426845043518,
         0.14656458533417904,
         0.11784147667488359,
         0.11730938475486587,
         0.092632906957185582,
         0.084962076181005958,
         0.12250069957244468
      ],
      [
         0.046706088813560684,
         0.1042919467322377,
         0.12072579516524264,
         0.045095428308063741,
         0.1499263153199816,
         0.11219728163756493,
         0.11811061250848898,
         0.093918570382235375,
         0.081536385410044002,
         0.12749157572258035
      ],
      [
         0.044891491362161556,
         0.10786534906327448,
         0.12317676003338371,
         0.043771314521319417,
         0.14692820696595055,
         0.11433268902307277,
         0.12067812314053165,
         0.087514808797949442,
         0.083906225555468478,
         0.12693503153688804
      ],
      [
         0.04561313529384281,
         0.10537665877653665,
         0.12569185795195034,
         0.044011837577532416,
         0.1472485145019988,
         0.11309306665667999,
         0.11987403620771818,
         0.090366463345497028,
         0.083931789670917481,
         0.12479264001732637
      ],
      [
         0.046765294687860511,
         0.11040173326488886,
         0.12347058872247776,
         0.045636908313314961,
         0.14441526289966178,
         0.10748073842481995,
         0.11704942294700503,
         0.084064169788693507,
         0.085220776795922687,
         0.1354951041553549
      ],
      [
         0.043820606348412672,
         0.10415823649701521,
         0.1150015375048704,
         0.043371387612844502,
         0.15317908864338592,
         0.11987615219831847,
         0.1250237897340378,
         0.091664657790206383,
         0.080311892986104597,
         0.12359265068480413
      ],
      [
         0.044301575919042491,
         0.10084915222333529,
         0.12303744608369244,
         0.042792110471145922,
         0.15130046467149166,
         0.11864362491938081,
         0.12115782866460684,
         0.095706221348271114,
         0.082526282764298187,
         0.11968529293473523
      ],
      [
         0.044888224454742637,
         0.10842314189161285,
         0.12206184141111068,
         0.043053955852370165,
         0.14757870373442958,
         0.11438858777223632,
         0.11293408971543799,
         0.094285008132842713,
         0.083547031023200727,
         0.12883941601201637
      ],
      [
         0.046601539612084034,
         0.10702692067883915,
         0.12258062377996172,
         0.04481141746947151,
         0.14586654248267844,
         0.10816543200476,
         0.11863465881294488,
         0.087384616823430739,
         0.085807367347206495,
         0.1331208809886231
      ],
      [
         0.046225748134011042,
         0.10098583417056334,
         0.13851302024562423,
         0.043699480534384813,
         0.14507075540787728,
         0.11209231210888213,
         0.12613795533011202,
         0.090651943224642484,
         0.086333551416037019,
         0.11028939942786574
      ],
      [
         0.044647086387664146,
         0.10586185887066067,
         0.12672859861584362,
         0.043568635215010879,
         0.14778621204316203,
         0.11594988914208594,
         0.1223203698818221,
         0.088367805341603961,
         0.083134212505720631,
         0.12163533199642579
      ],
      [
         0.044454232844415131,
         0.10015827021174419,
         0.11874288887439806,
         0.043763887712772488,
         0.15483959939482322,
         0.11962932675673059,
         0.12470773438081176,
         0.094020778857606818,
         0.079412305054940804,
         0.12027097591175699
      ],
      [
         0.045776549596646281,
         0.10062953299249248,
         0.12094951122678799,
         0.044607970922112196,
         0.15250709051715688,
         0.11573622462850704,
         0.12433920835707665,
         0.093393518199537756,
         0.080837998149761087,
         0.12122239540992168
      ],
      [
         0.045447488031145532,
         0.10279388333035747,
         0.11714640307998524,
         0.044981342368353806,
         0.15230941570101938,
         0.11515688978672217,
         0.1240601630119723,
         0.089324442899436265,
         0.080681938406406362,
         0.12809803338460143
      ],
      [
         0.044722780382034637,
         0.10886625352597304,
         0.1176586224403465,
         0.043378372786157533,
         0.14793417717678348,
         0.11414323310100517,
         0.11624162040645312,
         0.090299449888354033,
         0.083849872331130504,
         0.13290561796176198
      ],
      [
         0.045585963693597728,
         0.11496143334101958,
         0.13076756249642479,
         0.042839562579225998,
         0.14146525654160824,
         0.110650157252808,
         0.10554310052664485,
         0.092922559064320287,
         0.085921182336579374,
         0.12934322216777114
      ],
      [
         0.045633077834211833,
         0.11541054272012011,
         0.13701550468882817,
         0.042528943542186282,
         0.1377581297110036,
         0.10874723301488318,
         0.11022730856274666,
         0.088215268592131621,
         0.089600670041607447,
         0.12486332129228124
      ],
      [
         0.044454266366377046,
         0.10153898678971086,
         0.11671898374017678,
         0.043548025157611935,
         0.15340372406734809,
         0.11951806329057502,
         0.12365827584095655,
         0.09474963776980376,
         0.080301089355112404,
         0.12210894762232767
      ],
      [
         0.04560162395268557,
         0.1050492343930788,
         0.1199760301654442,
         0.044327154388419665,
         0.14989343485084686,
         0.11376970299633801,
         0.1166817293852255,
         0.092260536908325752,
         0.081927339493968826,
         0.13051321346566694
      ],
      [
         0.04617308876168464,
         0.10126402208256587,
         0.11404921855775592,
         0.045372997772379624,
         0.15320262005086144,
         0.11311402918652554,
         0.12140129165046891,
         0.091721921656969324,
         0.080823385930477651,
         0.1328774243503113
      ],
      [
         0.043708669611167587,
         0.1041335659063705,
         0.12502181327798301,
         0.042419772473043446,
         0.15132067780423339,
         0.11930646189637917,
         0.120030461349622,
         0.094675168080498223,
         0.081524096259558573,
         0.11785931334114412
      ],
      [
         0.04763896050384768,
         0.10077109592378383,
         0.13150524207040573,
         0.045819228100072509,
         0.14697831240710876,
         0.10967346401243723,
         0.12640207321142483,
         0.08901675830712831,
         0.083825721647511009,
         0.11836914381628005
      ],
      [
         0.045327268029126552,
         0.10117131032668368,
         0.11697030683315814,
         0.045045280907110914,
         0.15844400600935893,
         0.11817755700262958,
         0.1222409726501143,
         0.09572478900039337,
         0.07619403864518369,
         0.12070447059624086
      ],
      [
         0.045734080607390946,
         0.11910994543372716,
         0.13230820776664845,
         0.042076960820102718,
         0.13723330257051927,
         0.10715805674837557,
         0.100333473540167,
         0.091709133178715055,
         0.089898382836270385,
         0.13443845649808345
      ],
      [
         0.043760379824118394,
         0.10745532533462081,
         0.13153824621679736,
         0.042174968181000132,
         0.14556797985415293,
         0.11615022271083474,
         0.12124937707235507,
         0.089520698600331058,
         0.08538577955367356,
         0.11719702265211614
      ],
      [
         0.044400495392830933,
         0.10327107242438303,
         0.12067324153497706,
         0.043680802541904602,
         0.1514595460827019,
         0.11821291610947685,
         0.12497388319463981,
         0.090090120921646852,
         0.081254036522944842,
         0.12198388527449398
      ],
      [
         0.044869387811669353,
         0.10192460560462388,
         0.11897688896856072,
         0.044255153282469616,
         0.15077786214165587,
         0.11755797852766695,
         0.13146087289132219,
         0.089195168831980309,
         0.081792964027582765,
         0.11918911791246835
      ],
      [
         0.044572535849916335,
         0.094780704123560822,
         0.11832931809937552,
         0.044361666948439529,
         0.1605963075580496,
         0.12378528346296716,
         0.13043658613644563,
         0.096965012181265089,
         0.07576034582720953,
         0.11041223981277075
      ],
      [
         0.04559641824336249,
         0.10083666350235827,
         0.11774149960236711,
         0.045156562645003721,
         0.15191325125444138,
         0.11561951348748666,
         0.12910563302317402,
         0.088337973030082645,
         0.081218257176962239,
         0.12447422803476144
      ],
      [
         0.048296935783510853,
         0.094749360428406565,
         0.10887169381484833,
         0.047731287780777266,
         0.15550059608944261,
         0.10910594000549342,
         0.12770263639234217,
         0.091943453726172006,
         0.080167686822562229,
         0.13593040915644458
      ],
      [
         0.044410237321460884,
         0.10077237789611049,
         0.12007370887053363,
         0.043382898532740813,
         0.15460455717058197,
         0.12002914305763193,
         0.1228917790151775,
         0.096614719684155012,
         0.079342465782404795,
         0.11787811266920288
      ],
      [
         0.045033387682319674,
         0.098975652740541875,
         0.11925754683412487,
         0.044987495784613786,
         0.15457799412551573,
         0.11881085613835629,
         0.13269262041724406,
         0.088748390143699937,
         0.079190528694205023,
         0.11772552743937871
      ],
      [
         0.045305608539010916,
         0.10063041044434735,
         0.11762100558779642,
         0.045090489477251527,
         0.15491618651361916,
         0.11842887815260722,
         0.12688703178554894,
         0.091828567349992687,
         0.078302287988389827,
         0.12098953416143596
      ],
      [
         0.045531987185038036,
         0.10344641940233512,
         0.11746066733817963,
         0.044899150782682244,
         0.15192474424192787,
         0.11547742965841738,
         0.12236414558731172,
         0.090611635599763873,
         0.080447919892059544,
         0.12783590031228478
      ],
      [
         0.042948569220918976,
         0.098455417325056735,
         0.10645788796387705,
         0.042349202826857453,
         0.16271121511001868,
         0.12566173061847519,
         0.11701198329664671,
         0.10665063392442872,
         0.074832033455257435,
         0.12292132625846311
      ],
      [
         0.044817016615947398,
         0.10027351028692423,
         0.11544129376034151,
         0.044691789843299683,
         0.15490169600775847,
         0.11995973271985676,
         0.13006742115370712,
         0.091050108653307205,
         0.078658261802685953,
         0.12013916915617175
      ],
      [
         0.044087785951810905,
         0.10106612254927246,
         0.1199831786106714,
         0.043120593480830784,
         0.15478592762733318,
         0.12128234652488305,
         0.12082861969669192,
         0.096827616647435708,
         0.078972352338371216,
         0.11904545657269947
      ],
      [
         0.045177698927891252,
         0.10930650597411369,
         0.12787815993069138,
         0.043771891852311527,
         0.14525021611985225,
         0.11275039775242239,
         0.11807182853409107,
         0.087027986703012844,
         0.084550669883351026,
         0.12621464432226265
      ],
      [
         0.04605586576793564,
         0.10463571489110039,
         0.12310226077701956,
         0.044856832714077477,
         0.14912618440935674,
         0.11202923487386904,
         0.11902501862452275,
         0.09003853939998066,
         0.08249711672713482,
         0.12863323181500289
      ],
      [
         0.044338011704629976,
         0.1071861143453874,
         0.11127307107333267,
         0.043778213193990646,
         0.1478529228304363,
         0.11630817079878787,
         0.1259370883865662,
         0.086911961735570822,
         0.084276259980153867,
         0.13213818595114427
      ]
   ],
   "output_training" : [
      [
         0.042000521185563688,
         0.10765529385130082,
         0.11034203224561388,
         0.042130296304580379,
         0.16489276100984734,
         0.11801482615350499,
         0.11488171957142494,
         0.093872054176257477,
         0.07623396071077998,
         0.12997653479112647
      ],
      [
         0.040732546386862738,
         0.11010877431970448,
         0.11752592460132945,
         0.040273139193910776,
         0.15992365040530657,
         0.11986600042655118,
         0.1139292607045078,
         0.090396533762930942,
         0.078598910727879473,
         0.12864525947101654
      ],
      [
         0.041863712099362835,
         0.11155781012196309,
         0.11314651425385354,
         0.04181417041356876,
         0.15908725713632563,
         0.11497533522959896,
         0.11494870781034637,
         0.08834491507458006,
         0.07857375869180562,
         0.13568781916859499
      ],
      [
         0.042180850568410866,
         0.11357148744194466,
         0.1362229458253032,
         0.041088217722716328,
         0.150805655202564,
         0.11265707199741493,
         0.11963646353560546,
         0.082228643534724755,
         0.084326994277655137,
         0.11728166989366079
      ],
      [
         0.04060482639775221,
         0.10545520783387066,
         0.10963846663333328,
         0.040619032717449502,
         0.16574794581523408,
         0.12338166833907264,
         0.1173724790658266,
         0.095032358436212577,
         0.076413335741488855,
         0.12573467901975982
      ],
      [
         0.039392502835167986,
         0.10647508229043763,
         0.10638338190317584,
         0.039186048853883319,
         0.16688389195120085,
         0.12624274018996426,
         0.11191590025800029,
         0.097406528983249321,
         0.075667160372526521,
         0.13044676236239383
      ],
      [
         0.041760296856143755,
         0.10920850499946634,
         0.11883457909136477,
         0.041098180066051281,
         0.15710738862891191,
         0.11454240084099752,
         0.11433364108633591,
         0.087290720224809798,
         0.080038153612744509,
         0.13578613459317415
      ],
      [
         0.040336167049675915,
         0.10871944680059326,
         0.12302601897516852,
         0.039666052801289958,
         0.16218261467326983,
         0.1211700491495175,
         0.11401262019329504,
         0.091905408870310831,
         0.079273116148862621,
         0.11970850533801683
      ],
      [
         0.041757519522086159,
         0.11265522886110851,
         0.12258834564415871,
         0.040797614304966569,
         0.15185745166299341,
         0.1136694750174484,
         0.11642792115117143,
         0.084104737992073478,
         0.083114435573126491,
         0.13302727027086664
      ],
      [
         0.042116517388085764,
         0.11509164740638911,
         0.1361353313448688,
         0.040490693226349683,
         0.14806031054692165,
         0.1111148426252288,
         0.11469878611357674,
         0.082089703864783675,
         0.085320425335672065,
         0.12488174214812363
      ],
      [
         0.040655174543335157,
         0.10963316363659971,
         0.11830799743982558,
         0.039890104999644849,
         0.15942659582210494,
         0.11922868853068867,
         0.11370107362607856,
         0.090682867386102109,
         0.079844229500968297,
         0.1286301045146522
      ],
      [
         0.0412862378648386,
         0.13124124937114623,
         0.1156026795800084,
         0.039331260825844629,
         0.14963435483830351,
         0.1123069968891298,
         0.084977540046319716,
         0.092762954885633936,
         0.076913050098225078,
         0.15594367560055014
      ],
      [
         0.040387325310593504,
         0.1134483496811339,
         0.1107437930634789,
         0.039754710417657567,
         0.15701212608134107,
         0.12130499139355559,
         0.1159547688793344,
         0.091624524856852615,
         0.0806212051376205,
         0.12914820517843215
      ],
      [
         0.040061825342768281,
         0.10901306540180818,
         0.11537764233381227,
         0.039188568107558976,
         0.16344435265083845,
         0.12264140679574652,
         0.10767986751177448,
         0.096863443202681157,
         0.077204517146047633,
         0.12852531150696381
      ],
      [
         0.03986893724681366,
         0.11662065574957492,
         0.12650385235270803,
         0.038821333016863586,
         0.15397467045163385,
         0.11722620333410755,
         0.11256654171956777,
         0.086169177880453265,
         0.083810856275617698,
         0.12443777197265962
      ],
      [
         0.040509619968215338,
         0.10619882463377919,
         0.12044517970178352,
         0.039613152210714625,
         0.16204519366406223,
         0.12068220532456246,
         0.11246152211495794,
         0.093318431784047987,
         0.079024129119548273,
         0.1257017414783286
      ],
      [
         0.040956958874859554,
         0.11067272285925377,
         0.11778927765279712,
         0.04032628204567959,
         0.15863141513183715,
         0.11833944432382219,
         0.11058236318740017,
         0.090681565045512641,
         0.078405343780804646,
         0.13361462709803318
      ],
      [
         0.041058430252844086,
         0.11752619113244157,
         0.12589610596376719,
         0.039413892793467388,
         0.14995334274797484,
         0.1139085949144876,
         0.1079558196294278,
         0.08599712002802673,
         0.083982573120131895,
         0.13430792941743097
      ],
      [
         0.041415892988468331,
         0.11156837539108065,
         0.11643635294118532,
         0.041829557680716146,
         0.15834941694356983,
         0.11464004969593959,
         0.12242387206327256,
         0.084392551613785352,
         0.081042190586661483,
         0.12790174009532079
      ],
      [
         0.041542642821158715,
         0.11234304483159288,
         0.12577053803378307,
         0.040033379380981386,
         0.15404880555275105,
         0.11484556438971606,
         0.1125938309599462,
         0.088043767669904544,
         0.083005944079310695,
         0.12777248228085542
      ],
      [
         0.038806738427049584,
         0.11755563720434893,
         0.11617652049951045,
         0.038319670874494942,
         0.16071519243514074,
         0.1213791894683612,
         0.1031738882679883,
         0.091768618771969596,
         0.077529685882475843,
         0.13457485816866036
      ],
      [
         0.040705866767157678,
         0.11287958833709708,
         0.11659967650800898,
         0.040135819258428421,
         0.15800818561262844,
         0.11665999324294971,
         0.11520459272048811,
         0.088475497236223805,
         0.0817027482996764,
         0.12962803201734135
      ],
      [
         0.03952467974581967,
         0.1163170405265512,
         0.1167884287720472,
         0.038228861249077428,
         0.15457791251642267,
         0.11891016696883298,
         0.10763249855706282,
         0.09079569220327352,
         0.082946783830934359,
         0.1342779356299782
      ],
      [
         0.041432056486782866,
         0.10881277334825312,
         0.11626063163131306,
         0.040998518486823426,
         0.15833970137933101,
         0.11681761853719326,
         0.11428775479000645,
         0.08875332553236806,
         0.078757680725904,
         0.13553993908202483
      ],
      [
         0.039765571533338623,
         0.1128300308693851,
         0.10464678875235243,
         0.039573444233350803,
         0.15993240426367147,
         0.11823028464561984,
         0.10842647168670116,
         0.089546720955805445,
         0.078397073234318812,
         0.14865120982545632
      ],
      [
         0.041042791637866852,
         0.12047656457979275,
         0.12139208189256524,
         0.039743932654012076,
         0.14982087605677905,
         0.11260263647739781,
         0.10534766352023578,
         0.085401704888587657,
         0.083049610683466543,
         0.14112213760929629
      ],
      [
         0.039865309488657096,
         0.10779007794888083,
         0.11009170981358536,
         0.039334526646265702,
         0.16322816678529506,
         0.12055007321325219,
         0.11190223342850014,
         0.092781547792052596,
         0.078699696613493797,
         0.13575665827001732
      ],
      [
         0.041477455608771904,
         0.11179846904766284,
         0.12021095056193418,
         0.040809930039806382,
         0.15432056212602882,
         0.11531575021642515,
         0.11694406655245008,
         0.085614504075568337,
         0.081831806080770439,
         0.13167650569058192
      ],
      [
         0.041413252678230594,
         0.11290547229116901,
         0.1179271941570041,
         0.040929287650700884,
         0.15519059525998499,
         0.11496431682898166,
         0.11609500094005956,
         0.085977255622956453,
         0.081400097152974998,
         0.13319752741793781
      ],
      [
         0.041264824586356309,
         0.10214141819612167,
         0.10918842222258245,
         0.041250098442007749,
         0.16524222004448078,
         0.12134643189481846,
         0.1216574783485686,
         0.092506962415831048,
         0.077505136567374719,
         0.12789700728185824
      ],
      [
         0.041132054723032385,
         0.10840329912316173,
         0.11663615157467518,
         0.040943434463734052,
         0.15945343649843804,
         0.11829356224567565,
         0.12046516869427946,
         0.087925405572911369,
         0.080169819472660941,
         0.12657766763143122
      ],
      [
         0.042038689113730453,
         0.10683145366274088,
         0.11807016371227529,
         0.041215859802599314,
         0.16032480223324755,
         0.11432293286447621,
         0.11150509433067143,
         0.090548727040218449,
         0.078880053416559612,
         0.13626222382348088
      ],
      [
         0.04250076682812659,
         0.10571918745999456,
         0.10983506409107878,
         0.042516816421414014,
         0.16055228643358699,
         0.11430829965241157,
         0.11831424923336074,
         0.088683914570438727,
         0.077958187737145634,
         0.13961122757244243
      ],
      [
         0.042077351936298739,
         0.1110724212158061,
         0.12666603091338791,
         0.041346425072421207,
         0.15312331845326199,
         0.11231730736692302,
         0.11265388280911495,
         0.085007495907905878,
         0.080722479669749533,
         0.13501328665513063
      ],
      [
         0.039365457272280219,
         0.11301107251833035,
         0.12245897741301157,
         0.038458779019240615,
         0.1582593389684285,
         0.12053610986491255,
         0.10680293840522413,
         0.090297212434374968,
         0.079987955406644412,
         0.13082215869755254
      ],
      [
         0.041315945418887674,
         0.11140492863256769,
         0.12654969378579536,
         0.040709861559284924,
         0.15284268539912174,
         0.11548562485448606,
         0.12316592743531193,
         0.08260939718653551,
         0.084053422290172944,
         0.12186251343783612
      ],
      [
         0.040229553982246306,
         0.1080583657917925,
         0.11844641233675884,
         0.03928262580826649,
         0.16335881785427409,
         0.12206087218375447,
         0.10876778922504135,
         0.096135034677690467,
         0.077918795920274703,
         0.12574173221990079
      ],
      [
         0.042371428066812308,
         0.099493500773807544,
         0.091817627106295291,
         0.044403551123788756,
         0.17180849162657763,
         0.12321007024403134,
         0.12650708003890535,
         0.099728566363427348,
         0.072360664944123271,
         0.12829901971223104
      ],
      [
         0.042658660147538295,
         0.12117807575674909,
         0.13340663991019486,
         0.04092226593442265,
         0.1470348278799693,
         0.10854113030083168,
         0.10550479121360919,
         0.083238603432332747,
         0.083052128075124965,
         0.13446287734922741
      ],
      [
         0.040846764697841875,
         0.10378548804183023,
         0.11004357397630306,
         0.040992467979916701,
         0.16652713584318615,
         0.12268911232981096,
         0.12029441032271446,
         0.093924925641177576,
         0.076897504391719856,
         0.12399861677549932
      ],
      [
         0.03988577338742396,
         0.10793578905410021,
