{
   "errors_training" : [
      2.1178085595768441,
      2.0241986968118888,
      2.0158219364641554,
      2.0167857488392738
   ],
   "errors_validation" : [
      2.2934091899037043,
      2.1674072309418873,
      2.1356919273165604,
      2.120015357658771
   ],
   "output_testing" : [
      [
         0.042000521185563688,
         0.10765529385130082,
         0.11034203224561388,
         0.042130296304580379,
         0.1648927610098474,
         0.11801482615350502,
         0.11488171957142494,
         0.09387205417625745,
         0.076233960710779966,
         0.12997653479112647
      ],
      [
         0.040732546386862738,
         0.11010877431970448,
         0.11752592460132945,
         0.040273139193910776,
         0.15992365040530657,
         0.11986600042655121,
         0.1139292607045078,
         0.090396533762930914,
         0.078598910727879473,
         0.12864525947101654
      ],
      [
         0.041863712099362842,
         0.11155781012196309,
         0.11314651425385355,
         0.041814170413568767,
         0.15908725713632565,
         0.11497533522959898,
         0.11494870781034638,
         0.088344915074580074,
         0.078573758691805648,
         0.13568781916859501
      ],
      [
         0.042180850568410866,
         0.11357148744194466,
         0.1362229458253032,
         0.041088217722716328,
         0.150805655202564,
         0.11265707199741495,
         0.11963646353560545,
         0.082228643534724741,
         0.084326994277655137,
         0.11728166989366082
      ],
      [
         0.040604826397752203,
         0.10545520783387063,
         0.10963846663333324,
         0.040619032717449495,
         0.16574794581523408,
         0.12338166833907262,
         0.11737247906582655,
         0.095032358436212563,
         0.076413335741488814,
         0.12573467901975977
      ],
      [
         0.039392502835167993,
         0.10647508229043767,
         0.10638338190317587,
         0.039186048853883333,
         0.1668838919512009,
         0.12624274018996431,
         0.1119159002580003,
         0.097406528983249335,
         0.075667160372526521,
         0.13044676236239383
      ],
      [
         0.041760296856143769,
         0.10920850499946637,
         0.11883457909136477,
         0.041098180066051287,
         0.15710738862891194,
         0.11454240084099754,
         0.11433364108633592,
         0.087290720224809812,
         0.080038153612744536,
         0.13578613459317418
      ],
      [
         0.040336167049675901,
         0.10871944680059323,
         0.12302601897516846,
         0.039666052801289944,
         0.1621826146732698,
         0.12117004914951747,
         0.11401262019329503,
         0.091905408870310804,
         0.079273116148862621,
         0.1197085053380168
      ],
      [
         0.041757519522086166,
         0.11265522886110854,
         0.12258834564415876,
         0.040797614304966576,
         0.15185745166299344,
         0.11366947501744842,
         0.11642792115117147,
         0.084104737992073492,
         0.083114435573126505,
         0.13302727027086664
      ],
      [
         0.042116517388085764,
         0.11509164740638911,
         0.13613533134486877,
         0.040490693226349683,
         0.14806031054692165,
         0.1111148426252288,
         0.11469878611357674,
         0.082089703864783675,
         0.085320425335672065,
         0.12488174214812364
      ],
      [
         0.040655174543335157,
         0.10963316363659972,
         0.11830799743982558,
         0.039890104999644849,
         0.15942659582210503,
         0.11922868853068867,
         0.11370107362607856,
         0.090682867386102109,
         0.079844229500968297,
         0.1286301045146522
      ],
      [
         0.0412862378648386,
         0.13124124937114626,
         0.11560267958000842,
         0.039331260825844629,
         0.14963435483830353,
         0.11230699688912979,
         0.08497754004631973,
         0.092762954885633908,
         0.076913050098225078,
         0.15594367560055014
      ],
      [
         0.040387325310593504,
         0.1134483496811339,
         0.1107437930634789,
         0.03975471041765756,
         0.15701212608134107,
         0.12130499139355562,
         0.11595476887933437,
         0.091624524856852602,
         0.080621205137620472,
         0.12914820517843215
      ],
      [
         0.040061825342768281,
         0.10901306540180822,
         0.11537764233381227,
         0.039188568107558976,
         0.16344435265083848,
         0.12264140679574655,
         0.10767986751177448,
         0.096863443202681143,
         0.077204517146047633,
         0.12852531150696384
      ],
      [
         0.03986893724681366,
         0.11662065574957492,
         0.126503852352708,
         0.038821333016863593,
         0.15397467045163388,
         0.11722620333410755,
         0.11256654171956781,
         0.086169177880453265,
         0.083810856275617726,
         0.12443777197265962
      ],
      [
         0.040509619968215345,
         0.10619882463377917,
         0.12044517970178349,
         0.039613152210714625,
         0.16204519366406223,
         0.12068220532456242,
         0.11246152211495797,
         0.093318431784047959,
         0.079024129119548273,
         0.12570174147832858
      ],
      [
         0.040956958874859548,
         0.11067272285925374,
         0.11778927765279711,
         0.040326282045679583,
         0.15863141513183715,
         0.11833944432382219,
         0.11058236318740015,
         0.090681565045512627,
         0.078405343780804618,
         0.13361462709803315
      ],
      [
         0.041058430252844086,
         0.11752619113244157,
         0.12589610596376721,
         0.039413892793467388,
         0.14995334274797487,
         0.11390859491448761,
         0.1079558196294278,
         0.085997120028026716,
         0.083982573120131909,
         0.13430792941743097
      ],
      [
         0.041415892988468338,
         0.11156837539108065,
         0.11643635294118532,
         0.041829557680716146,
         0.15834941694356983,
         0.11464004969593958,
         0.12242387206327256,
         0.084392551613785352,
         0.081042190586661483,
         0.12790174009532079
      ],
      [
         0.041542642821158715,
         0.11234304483159288,
         0.12577053803378305,
         0.040033379380981386,
         0.15404880555275108,
         0.11484556438971606,
         0.11259383095994617,
         0.08804376766990453,
         0.083005944079310681,
         0.12777248228085544
      ],
      [
         0.038806738427049584,
         0.11755563720434893,
         0.11617652049951045,
         0.038319670874494942,
         0.16071519243514071,
         0.1213791894683612,
         0.1031738882679883,
         0.091768618771969596,
         0.077529685882475843,
         0.13457485816866033
      ],
      [
         0.040705866767157678,
         0.11287958833709708,
         0.11659967650800898,
         0.040135819258428421,
         0.15800818561262847,
         0.11665999324294971,
         0.11520459272048811,
         0.088475497236223791,
         0.081702748299676387,
         0.12962803201734135
      ],
      [
         0.039524679745819663,
         0.1163170405265512,
         0.11678842877204719,
         0.038228861249077428,
         0.15457791251642264,
         0.11891016696883298,
         0.10763249855706279,
         0.090795692203273493,
         0.082946783830934345,
         0.13427793562997817
      ],
      [
         0.041432056486782866,
         0.10881277334825312,
         0.11626063163131305,
         0.040998518486823426,
         0.15833970137933101,
         0.11681761853719325,
         0.11428775479000645,
         0.088753325532368046,
         0.078757680725904,
         0.13553993908202483
      ],
      [
         0.039765571533338616,
         0.1128300308693851,
         0.10464678875235241,
         0.039573444233350803,
         0.15993240426367147,
         0.11823028464561984,
         0.10842647168670119,
         0.089546720955805431,
         0.078397073234318812,
         0.14865120982545632
      ],
      [
         0.041042791637866859,
         0.12047656457979276,
         0.12139208189256523,
         0.039743932654012083,
         0.14982087605677907,
         0.11260263647739784,
         0.10534766352023579,
         0.085401704888587671,
         0.083049610683466543,
         0.14112213760929632
      ],
      [
         0.039865309488657089,
         0.10779007794888082,
         0.11009170981358535,
         0.039334526646265695,
         0.16322816678529503,
         0.12055007321325216,
         0.11190223342850013,
         0.092781547792052568,
         0.078699696613493769,
         0.13575665827001732
      ],
      [
         0.041477455608771904,
         0.11179846904766284,
         0.12021095056193418,
         0.040809930039806382,
         0.15432056212602882,
         0.11531575021642515,
         0.11694406655245007,
         0.085614504075568323,
         0.081831806080770425,
         0.13167650569058192
      ],
      [
         0.041413252678230601,
         0.11290547229116904,
         0.11792719415700413,
         0.040929287650700898,
         0.15519059525998502,
         0.11496431682898166,
         0.11609500094005959,
         0.08597725562295648,
         0.081400097152974984,
         0.13319752741793786
      ],
      [
         0.041264824586356309,
         0.10214141819612167,
         0.10918842222258245,
         0.041250098442007749,
         0.16524222004448078,
         0.12134643189481846,
         0.1216574783485686,
         0.092506962415831048,
         0.077505136567374719,
         0.12789700728185824
      ],
      [
         0.041132054723032385,
         0.10840329912316173,
         0.11663615157467518,
         0.040943434463734052,
         0.15945343649843804,
         0.11829356224567565,
         0.12046516869427946,
         0.087925405572911355,
         0.080169819472660941,
         0.12657766763143122
      ],
      [
         0.042038689113730453,
         0.1068314536627409,
         0.11807016371227531,
         0.041215859802599314,
         0.16032480223324758,
         0.11432293286447624,
         0.11150509433067141,
         0.090548727040218449,
         0.07888005341655964,
         0.13626222382348085
      ],
      [
         0.04250076682812659,
         0.10571918745999456,
         0.10983506409107875,
         0.042516816421414014,
         0.16055228643358704,
         0.1143082996524116,
         0.11831424923336072,
         0.088683914570438727,
         0.077958187737145621,
         0.13961122757244243
      ],
      [
         0.042077351936298739,
         0.1110724212158061,
         0.12666603091338788,
         0.041346425072421207,
         0.15312331845326199,
         0.11231730736692302,
         0.11265388280911495,
         0.085007495907905878,
         0.080722479669749519,
         0.13501328665513063
      ],
      [
         0.039365457272280226,
         0.11301107251833037,
         0.12245897741301159,
         0.038458779019240621,
         0.15825933896842853,
         0.12053610986491255,
         0.10680293840522413,
         0.090297212434374968,
         0.079987955406644426,
         0.13082215869755257
      ],
      [
         0.041315945418887674,
         0.11140492863256772,
         0.12654969378579539,
         0.040709861559284924,
         0.15284268539912174,
         0.11548562485448609,
         0.12316592743531193,
         0.082609397186535524,
         0.084053422290172944,
         0.12186251343783609
      ],
      [
         0.040229553982246306,
         0.10805836579179251,
         0.11844641233675887,
         0.03928262580826649,
         0.16335881785427409,
         0.1220608721837545,
         0.10876778922504135,
         0.096135034677690467,
         0.077918795920274717,
         0.12574173221990081
      ],
      [
         0.042371428066812322,
         0.099493500773807558,
         0.091817627106295291,
         0.04440355112378877,
         0.17180849162657763,
         0.12321007024403134,
         0.12650708003890537,
         0.099728566363427348,
         0.072360664944123299,
         0.12829901971223104
      ],
      [
         0.042658660147538274,
         0.12117807575674908,
         0.1334066399101948,
         0.040922265934422636,
         0.14703482787996924,
         0.10854113030083164,
         0.10550479121360916,
         0.083238603432332706,
         0.083052128075124951,
         0.13446287734922738
      ],
      [
         0.040846764697841875,
         0.10378548804183023,
         0.11004357397630306,
         0.040992467979916701,
         0.16652713584318618,
         0.12268911232981096,
         0.12029441032271446,
         0.093924925641177562,
         0.076897504391719856,
         0.12399861677549932
      ],
      [
         0.03988577338742396,
         0.10793578905410023,
         0.12098056210602363,
         0.039310008912405249,
         0.16172606821023647,
         0.12168233377095433,
         0.11432604633450463,
         0.090692119522004802,
         0.079384019126924485,
         0.12407727957542224
      ],
      [
         0.043122122313471192,
         0.099799089548478118,
         0.11429531898732266,
         0.043038242070686177,
         0.16757666142135061,
         0.11710567378814517,
         0.11712472186838098,
         0.095926791611149601,
         0.075203369674132728,
         0.12680800871688255
      ],
      [
         0.042919593229513484,
         0.11245624409866956,
         0.12282872102123292,
         0.042850989734198992,
         0.15058556774908252,
         0.10993612789715947,
         0.12123961064155574,
         0.080622906288850368,
         0.082481914758610178,
         0.1340783245811269
      ],
      [
         0.041626321421791908,
         0.11379022001044535,
         0.12840506362637663,
         0.040250568292923589,
         0.15203484877990356,
         0.11360373652121321,
         0.1128394092539394,
         0.085612889395475691,
         0.083219219911915665,
         0.12861772278601505
      ],
      [
         0.039718775318377648,
         0.11479473179576884,
         0.12006689594354204,
         0.038843430660856104,
         0.1557411886165033,
         0.11904173087410284,
         0.11386827583425403,
         0.088341296100749145,
         0.083221660834140107,
         0.12636201402170597
      ],
      [
         0.04233107959680054,
         0.10955394385359396,
         0.11751710869852366,
         0.041531479212723897,
         0.16028558820518518,
         0.11593438899496468,
         0.11091343589364602,
         0.092951886714584681,
         0.077615767840942707,
         0.13136532098903472
      ],
      [
         0.041149605489462407,
         0.11255879277388713,
         0.11930153189526042,
         0.040824916077720208,
         0.15584060076983342,
         0.1158581730174128,
         0.11699971233192039,
         0.085517904748816237,
         0.081029627043925509,
         0.13091913585176157
      ],
      [
         0.041401692316680026,
         0.11035772383287638,
         0.12248751632984595,
         0.040522339693344289,
         0.15712326365018525,
         0.11616380768248602,
         0.11374187528977213,
         0.08848470269175579,
         0.080506747178267876,
         0.12921033133478613
      ],
      [
         0.043019383775503434,
         0.11644962605264257,
         0.12067947700731387,
         0.043177655763918341,
         0.15163932445074238,
         0.1074080865800885,
         0.11392383829869918,
         0.081339633399786185,
         0.081287427380669269,
         0.14107554729063632
      ],
      [
         0.040821455433400912,
         0.1090814872924927,
         0.11017767554907661,
         0.041170687373477802,
         0.16201935710820242,
         0.11989001846385348,
         0.12190536560366723,
         0.089793481314396545,
         0.079352960083235044,
         0.12578751177819739
      ],
      [
         0.04024130915619583,
         0.10575509487152439,
         0.12025221309297038,
         0.039214358256921683,
         0.1612155114686353,
         0.12189819481373228,
         0.11374978698483129,
         0.092779635107105934,
         0.080167449652378084,
         0.12472644659570492
      ],
      [
         0.040574948965152749,
         0.11338168784109717,
         0.11849921562103499,
         0.039498219700405159,
         0.1574758474237607,
         0.11817361538351327,
         0.10751719247609794,
         0.091609949240886807,
         0.079699173518269495,
         0.13357014982978177
      ],
      [
         0.042594979599650189,
         0.11407702958309883,
         0.12027934753620959,
         0.041897741370932287,
         0.15292268065975084,
         0.1090254531363354,
         0.11629438966687942,
         0.083044977069658285,
         0.083155398387986343,
         0.13670800298949887
      ],
      [
         0.042214902201455802,
         0.10861817077678486,
         0.13652895259718512,
         0.040283107970823635,
         0.1547827928665054,
         0.11480185024810291,
         0.11931277729971407,
         0.086842323622911569,
         0.08564198746413805,
         0.11097313495237866
      ],
      [
         0.040854165948663014,
         0.1099614623557606,
         0.12326805453306391,
         0.040382697724190217,
         0.15792369104442736,
         0.11822119122332451,
         0.11611377142283387,
         0.087410518861002498,
         0.080076236815794177,
         0.12578821007093999
      ],
      [
         0.040859886515999727,
         0.1041206917255062,
         0.11494945248367271,
         0.040684321831318683,
         0.16539342132816867,
         0.12178967709357733,
         0.11723261545415371,
         0.09346511302680427,
         0.077113172225472884,
         0.12439164831532598
      ],
      [
         0.041891293788696542,
         0.1056667124151848,
         0.11762367982552036,
         0.041402668701516772,
         0.16290813281476541,
         0.11853174241593797,
         0.11745278924692767,
         0.092296780017611102,
         0.078385146342621378,
         0.12384105443121812
      ],
      [
         0.041727343285489042,
         0.10666436687383872,
         0.11334273027467666,
         0.042058347702080154,
         0.16223396252200001,
         0.11672483486445684,
         0.11843739359137363,
         0.088804072346717791,
         0.077411998242497587,
         0.13259495029686952
      ],
      [
         0.040965930002248095,
         0.11428831425411816,
         0.11344381798437142,
         0.040489210523018078,
         0.15602928651539488,
         0.11543627281754888,
         0.11385617709719185,
         0.087133227411040834,
         0.080930683375046997,
         0.13742708002002099
      ],
      [
         0.04087671045965207,
         0.12079253982978476,
         0.12787900863103074,
         0.039086764180586847,
         0.15124286231254169,
         0.1149352473262686,
         0.099340122414073903,
         0.090136248200431882,
         0.08079586120089205,
         0.13491463544473736
      ],
      [
         0.041431830262937099,
         0.12303022139258661,
         0.13459436641318906,
         0.039257897737761671,
         0.14598306207918105,
         0.1110544150395812,
         0.10601207638742485,
         0.083816432239735089,
         0.086113193033566904,
         0.12870650541403664
      ],
      [
         0.040792007461564271,
         0.10574870089174357,
         0.11242688419010519,
         0.040398231354485128,
         0.16344160906709232,
         0.12216715897329351,
         0.11723162223327364,
         0.093961441543843643,
         0.078078887498228638,
         0.12575345678637018
      ],
      [
         0.041130566442275925,
         0.10880424990285499,
         0.11652138568717989,
         0.040563993240421176,
         0.16021668240261092,
         0.11757542118474017,
         0.10974599181411791,
         0.091246800704182049,
         0.077347043433976206,
         0.13684786518764064
      ],
      [
         0.041989201048965322,
         0.10516897838345265,
         0.11062630758781193,
         0.041992597752638645,
         0.16296733154693685,
         0.11568546087081899,
         0.11551135422639923,
         0.090394983031196668,
         0.076949439496069402,
         0.1387143460557104
      ],
      [
         0.040101065743502536,
         0.11005564826444278,
         0.1219293138010249,
         0.03933406251208961,
         0.16134430276070957,
         0.12116918892675337,
         0.11324095963914682,
         0.091669009678191776,
         0.079833881831962439,
         0.12132256684217618
      ],
      [
         0.043426086854023625,
         0.10648917791864168,
         0.1299914964805767,
         0.042394997663486284,
         0.15736746930018933,
         0.11259939962341997,
         0.11857139105630586,
         0.087650332882248605,
         0.080799849545090896,
         0.12070979867601722
      ],
      [
         0.042130043783112643,
         0.10628363379403628,
         0.11316067553401973,
         0.042868126313259994,
         0.17008730267092773,
         0.11939386776129012,
         0.11440433337740064,
         0.095981738497980279,
         0.073899050251678922,
         0.12179122801629387
      ],
      [
         0.041198153566787896,
         0.12646451448476509,
         0.13056504185803439,
         0.038646155592713803,
         0.14505772711586146,
         0.11009992403245887,
         0.096354824498897124,
         0.086540421451630836,
         0.084804153722256581,
         0.14026908367659385
      ],
      [
         0.040171570402389632,
         0.11359265329065195,
         0.12829884924204277,
         0.039169550258468085,
         0.15491770695813187,
         0.11755509378722212,
         0.11641683956881262,
         0.085867590852426984,
         0.084047815011438404,
         0.11996233062841573
      ],
      [
         0.040904382169855168,
         0.10748308943377789,
         0.11688436648455786,
         0.040784374704938765,
         0.16115675021549677,
         0.11970741467419146,
         0.11929240988563318,
         0.089095916218337678,
         0.07902408623065213,
         0.12566720998255917
      ],
      [
         0.041905672841557551,
         0.10678125084632695,
         0.1141169963395066,
         0.041979384686227889,
         0.15945144458907945,
         0.11780081012911765,
         0.12770548036241294,
         0.088288033153455417,
         0.081208222716218872,
         0.12076270433609664
      ],
      [
         0.041784418628578492,
         0.098933633530073672,
         0.11526132236963541,
         0.042024058491311411,
         0.17102227503181477,
         0.1242197984916357,
         0.12158517338431776,
         0.097734404983870246,
         0.075366404646399307,
         0.11206851044236324
      ],
      [
         0.042047286645713576,
         0.10469562080014147,
         0.11400875266175171,
         0.04234352951195261,
         0.1613264599105261,
         0.11705062075356894,
         0.12410654272393182,
         0.087969706042876544,
         0.078860670636185459,
         0.12759081031335187
      ],
      [
         0.043694887554262887,
         0.097965963567415285,
         0.10609467093699847,
         0.043979053408208527,
         0.16539730754027693,
         0.11231239019240775,
         0.1209297255712467,
         0.091282893869010021,
         0.075994376811460082,
         0.14234873054871325
      ],
      [
         0.040844345649511768,
         0.10588491381625617,
         0.11651408246393946,
         0.040309751854292496,
         0.16500360913659171,
         0.12229399085628305,
         0.11525625122276317,
         0.095248288015771898,
         0.077588250786718535,
         0.12105651619787162
      ],
      [
         0.042031504782912663,
         0.10280961296813274,
         0.1156773354872308,
         0.04274412698376593,
         0.16464488280152115,
         0.11923168418171527,
         0.12665195658616538,
         0.089362291890291726,
         0.077800656730794338,
         0.11904594758747011
      ],
      [
         0.041959240699837613,
         0.10388502012251399,
         0.11322382808858067,
         0.042444643740188012,
         0.1662253163938042,
         0.12026134018703249,
         0.11917830600776483,
         0.093609198787013043,
         0.075380619674407789,
         0.12383248629885737
      ],
      [
         0.04160652984155775,
         0.10697646323108827,
         0.11323800445481554,
         0.041707522703863173,
         0.16241177506718837,
         0.11812956233677059,
         0.11606351559970542,
         0.090811809010537869,
         0.076691940109493317,
         0.1323628776449795
      ],
      [
         0.039678113718393346,
         0.10355225998613206,
         0.10260146330579172,
         0.039637357569016714,
         0.17252144952439682,
         0.12679867798134839,
         0.11110823419061576,
         0.10213265306263515,
         0.07384499751734809,
         0.12812479314432193
      ],
      [
         0.04175285853148223,
         0.10384292467710747,
         0.11081768004042239,
         0.042278897362412457,
         0.16484988951977467,
         0.12098061697380466,
         0.12407147684155055,
         0.092145006936533991,
         0.07694469404842734,
         0.12231595506848433
      ],
      [
         0.04031831602961411,
         0.10520630916842916,
         0.11647085561139274,
         0.039782050928868468,
         0.16555017183727425,
         0.12424646242554822,
         0.11208430719430926,
         0.096191885857096315,
         0.076266717078527058,
         0.12388292386894041
      ],
      [
         0.041252068312372034,
         0.11449116455829111,
         0.1248408934190148,
         0.040669863532989764,
         0.15440860385946481,
         0.11447252193996955,
         0.11320042356458287,
         0.084824281015109915,
         0.08106377581028508,
         0.13077640398792015
      ],
      [
         0.04173334162958426,
         0.10931578536895251,
         0.12053542473352905,
         0.041337424748905581,
         0.15937239804633793,
         0.11476517683103288,
         0.11203981334841914,
         0.088604324056517664,
         0.078299421539440681,
         0.1339968896972803
      ],
      [
         0.041281661564040055,
         0.11131204893986385,
         0.10669616659394057,
         0.041513912980755276,
         0.15429825853095686,
         0.11578881030637447,
         0.12618426194225041,
         0.084510403652976032,
         0.083120322104064767,
         0.13529415338477777
      ]
   ],
   "output_training" : [
      [
         0.038553491118707109,
         0.11497254813722274,
         0.090869815989967184,
         0.040424941413559297,
         0.1845497519838247,
         0.12566427305541888,
         0.087516544033475571,
         0.10627567581777721,
         0.075896609024387551,
         0.13527634942565991
      ],
      [
         0.037172488974959117,
         0.118749717131351,
         0.098381563999659527,
         0.037709106423490235,
         0.17765015166357295,
         0.12589924449663559,
         0.086034121199904251,
         0.10136166821366949,
         0.080106304415835217,
         0.13693563348092253
      ],
      [
         0.038461049890419791,
         0.11978973312347879,
         0.094356878967428878,
         0.040096157522454955,
         0.17727085598056949,
         0.1205615614484226,
         0.090056898539092739,
         0.097711664356373865,
         0.079364864202002741,
         0.14233033596975597
      ],
      [
         0.038628270947067812,
         0.12153994271612253,
         0.11609624396925058,
         0.038774733736547926,
         0.171462982752147,
         0.12017441544520245,
         0.092446597173332257,
         0.091196199399559322,
         0.085336388122709717,
         0.12434422573806042
      ],
      [
         0.037208312124874805,
         0.11342428967521043,
         0.090373741906987798,
         0.038223772338814146,
         0.18356414311846672,
         0.12956561663619739,
         0.087248345932970844,
         0.1079007325879561,
         0.077622662858673572,
         0.13486838281984823
      ],
      [
         0.036078193636957578,
         0.11559074550288506,
         0.089185303878966421,
         0.036651483756734812,
         0.18209472929483284,
         0.13075106292725525,
         0.082837585597567584,
         0.10876598654895508,
         0.078131855906483583,
         0.13991305294936168
      ],
      [
         0.037884135063507775,
         0.11822258326570567,
         0.10060839580287341,
         0.038247749029113182,
         0.1743288933118064,
         0.12007861971159589,
         0.088072623695378119,
         0.096157445342414355,
         0.0819507498978886,
         0.14444880487971648
      ],
      [
         0.036859864452772617,
         0.11822304639066133,
         0.10450140363816721,
         0.037130653078115333,
         0.18012647187847414,
         0.12787838038761246,
         0.084368911066793548,
         0.10242111110740151,
         0.080722126005848466,
         0.12776803199415351
      ],
      [
         0.038085726441417875,
         0.12113197705854327,
         0.10356417855010637,
         0.038258206014249334,
         0.16911917953760391,
         0.11892058632089876,
         0.091943647706635018,
         0.092028459855814759,
         0.085467817606718288,
         0.14148022090801229
      ],
      [
         0.038340663494577189,
         0.12396425249565607,
         0.11710121559828285,
         0.037796197503045734,
         0.1664510408697418,
         0.11719154543369784,
         0.089500831753052332,
         0.08949643279502309,
         0.087291979658758428,
         0.13286584039816479
      ],
      [
         0.037066553266500643,
         0.11871748729564653,
         0.099723555209842482,
         0.037235773677161937,
         0.17668710081844979,
         0.12524737760691371,
         0.086068887395318053,
         0.10089561491960249,
         0.081842169840987147,
         0.13651547996957711
      ],
      [
         0.038552359755785484,
         0.14193215994835656,
         0.10104805298041208,
         0.037821761030338547,
         0.15989225032503754,
         0.11288239192473315,
         0.068755385265924313,
         0.09807573812343591,
         0.078651826758552659,
         0.16238807388742385
      ],
      [
         0.037361457019329719,
         0.12106366626623394,
         0.091480169312769269,
         0.03784391155486428,
         0.17367763303779726,
         0.12631486245697271,
         0.090728863426561085,
         0.10227829175852934,
         0.083183566600014483,
         0.13606757856692786
      ],
      [
         0.03656983636440992,
         0.11885654859777341,
         0.097792556244068948,
         0.036434948553710315,
         0.17895191560367721,
         0.12792365007075526,
         0.079697097199703831,
         0.10770284752762542,
         0.079307139988060368,
         0.13676345985021532
      ],
      [
         0.036731449638280449,
         0.12672886477591683,
         0.10874418811689768,
         0.036833835547583862,
         0.1710975946096846,
         0.1222186623246912,
         0.086724451876581329,
         0.093612308812697637,
         0.086111192418646496,
         0.13119745187902004
      ],
      [
         0.036681811991812197,
         0.11591664344198276,
         0.10245779601880367,
         0.036417241582057371,
         0.17843027593693236,
         0.12675119670358645,
         0.082644577877063474,
         0.10406768301889717,
         0.081467938307414473,
         0.13516483512145017
      ],
      [
         0.03708886012232173,
         0.11940876821785304,
         0.099005114348393,
         0.037268757566654979,
         0.17572192388794944,
         0.12436185489496576,
         0.083081307940546592,
         0.10179377170434228,
         0.080052760973784373,
         0.14221688034318877
      ],
      [
         0.03753314068419164,
         0.12711322045038309,
         0.10795607900682035,
         0.036947111974816371,
         0.16560428707497424,
         0.11829413948660612,
         0.085531423709112639,
         0.092722563595556848,
         0.086940607086088376,
         0.14135742693145026
      ],
      [
         0.038433088246492789,
         0.11978017886649918,
         0.097192032958298299,
         0.041007935245637402,
         0.17791339519239338,
         0.1201307036924769,
         0.09656757485742086,
         0.092934620999014547,
         0.081842882037875722,
         0.13419758790389089
      ],
      [
         0.038000842498463784,
         0.12179158994548551,
         0.10742356650633043,
         0.037515455162253859,
         0.17119246536761462,
         0.12051036923489691,
         0.087228880375918916,
         0.096321069678301993,
         0.085268444956570086,
         0.13474731627416373
      ],
      [
         0.035547887174425821,
         0.12814095180322971,
         0.099996250703467612,
         0.0361587029296455,
         0.17617444733205634,
         0.12609621997104789,
         0.077368665890945321,
         0.10068145936766852,
         0.079161675533719972,
         0.14067373929379329
      ],
      [
         0.037592178956027657,
         0.12181476685378241,
         0.098074246335605131,
         0.038598474501506247,
         0.17598954203719072,
         0.12221118527887535,
         0.090132758275716165,
         0.096892592641956751,
         0.083267898180838726,
         0.13542635693850086
      ],
      [
         0.036497629290213142,
         0.1265648815565614,
         0.099707092906923825,
         0.036120573916265546,
         0.16894569216561245,
         0.12187189833220509,
         0.084100103267563328,
         0.097894427605755271,
         0.086604188758083844,
         0.14169351220081605
      ],
      [
         0.037505846396905414,
         0.11728603689332696,
         0.097491385872697706,
         0.037907721992018341,
         0.17551998107291106,
         0.12260804720894454,
         0.086699037004870277,
         0.099374194199679008,
         0.080590121977763177,
         0.14501762738088356
      ],
      [
         0.036543533602016461,
         0.12202467454826126,
         0.08856774293033387,
         0.037497498412019173,
         0.17408098788700233,
         0.12059366370870635,
         0.085906310763332425,
         0.096899615372067482,
         0.081779261042877027,
         0.15610671173338372
      ],
      [
         0.037669432453250558,
         0.12997650246790526,
         0.10401935609483262,
         0.037667120951249002,
         0.16502288797395184,
         0.11606955318671325,
         0.084452151644015164,
         0.091501557103367853,
         0.085475409639260869,
         0.14814602848545363
      ],
      [
         0.036542804069759099,
         0.11786350179731586,
         0.093399713947149049,
         0.03700044957760075,
         0.17852505986484724,
         0.12447415863039023,
         0.085346218444007166,
         0.10126601540790174,
         0.081573824563250366,
         0.14400825369777839
      ],
      [
         0.037848213193349231,
         0.12006810248780453,
         0.10078907371113488,
         0.038337710405769436,
         0.17228735761295469,
         0.12108186609286224,
         0.091360543455421717,
         0.094645992535655879,
         0.083774244015925856,
         0.13980689648912156
      ],
      [
         0.037979571246995122,
         0.12121268925953593,
         0.098517043438491839,
         0.038964910368572261,
         0.17332927728385802,
         0.12043216063500814,
         0.091689872348868551,
         0.094533767421264722,
         0.083021117080818885,
         0.14031959091658663
      ],
      [
         0.037756475348991146,
         0.11049263960328744,
         0.091081784966214871,
         0.038745863848437007,
         0.18296574396635837,
         0.12716988682784536,
         0.091459528713805083,
         0.10417109454777466,
         0.079279446737497664,
         0.13687753543978856
      ],
      [
         0.037732283708650893,
         0.11659430639915849,
         0.096973894258562982,
         0.03886347249323395,
         0.17844647137712677,
         0.12457637105539598,
         0.092662337656337579,
         0.098254357241273127,
         0.081573008558894183,
         0.13432349725136608
      ],
      [
         0.038147599444320585,
         0.11671679488799359,
         0.10115780189790669,
         0.038276203418628155,
         0.17707421384614302,
         0.11964600972599165,
         0.084356886341586126,
         0.099593567314459411,
         0.080502314446830495,
         0.14452860867614026
      ],
      [
         0.038731421525764892,
         0.11371577124936237,
         0.091533002958075538,
         0.040013072650486904,
         0.17823475886850426,
         0.11966821863424904,
         0.091934628494309084,
         0.098519845064798384,
         0.079254514833040593,
         0.14839476572140903
      ],
      [
         0.037791422727534302,
         0.12040686691350251,
         0.1083603366676862,
         0.037839058774334237,
         0.17078081201787598,
         0.11818271523199979,
         0.085085052767843977,
         0.094205395743837725,
         0.082527640828910329,
         0.14482069832647512
      ],
      [
         0.035751742559040463,
         0.12379961935482207,
         0.10598171271118985,
         0.035522017615215111,
         0.17341205946456795,
         0.12499922163228808,
         0.079273345577743862,
         0.099041886995950928,
         0.082855804376938111,
         0.13936258971224358
      ],
      [
         0.037939245975652985,
         0.11965741760626866,
         0.10648144167484849,
         0.038586993942391283,
         0.17230366957192045,
         0.12169129992747225,
         0.096034592965741752,
         0.091445189046240938,
         0.085900636326435714,
         0.12995951296302743
      ],
      [
         0.036679855369505125,
         0.11812328581555101,
         0.10097028452802873,
         0.036455793675550505,
         0.17923246579500568,
         0.12763751793075515,
         0.080106685670440256,
         0.106692639825539,
         0.079978479798760438,
         0.13412299159086397
      ],
      [
         0.039266352070046966,
         0.10440781098465879,
         0.07433497629417346,
         0.043224156557146974,
         0.19134519164059988,
         0.12990599407091283,
         0.09510719812574335,
         0.11638500315857074,
         0.072048263327059547,
         0.13397505377108729
      ],
      [
         0.03905461423791038,
         0.13148172811352235,
         0.11642969333109399,
         0.038612216396612595,
         0.16323211064948848,
         0.11308029859435748,
         0.083052377308506176,
         0.089363370569452968,
         0.084202375899715326,
         0.1414912148993403
      ],
      [
         0.037444091344187025,
         0.11183350375857509,
         0.091068033703195619,
         0.038765509665993361,
         0.18496205500066643,
         0.12920322119562561,
         0.089869545719633098,
         0.10604201956761089,
         0.078028169580894632,
         0.13278385046361815
      ],
      [
         0.036248369077971118,
