{
   "errors_training" : [
      2.1237280824285718,
      2.0850459660999414,
      2.0626884447174492,
      2.041681929816741,
      2.0255300487063659,
      2.0186974972662823,
      2.0093186913682768,
      2.0059767028090985,
      2.0008836278004374
   ],
   "errors_validation" : [
      2.2824884879323144,
      2.2442675288892056,
      2.2167087342060205,
      2.187634269208548,
      2.1663838863250175,
      2.1532250320917941,
      2.1405043598340665,
      2.1310758270463928,
      2.130142584525343
   ],
   "output_testing" : [
      [
         0.058769094214776378,
         0.095227503062086299,
         0.10624240021296094,
         0.067851190611246462,
         0.11977380746490959,
         0.097613856544559202,
         0.14533031504622387,
         0.11808024539550212,
         0.06670879490077973,
         0.12440279254695542
      ],
      [
         0.057848446362787007,
         0.096675235016868949,
         0.10053819962623664,
         0.069287582126295155,
         0.12449866139161425,
         0.095925591460829129,
         0.1401310775246131,
         0.12265162625065856,
         0.066717761486896052,
         0.12572581875320119
      ],
      [
         0.05820875694279426,
         0.095254790636291164,
         0.099388090158756021,
         0.068091949439826674,
         0.1233717514072907,
         0.096499769310539177,
         0.14207292471567923,
         0.12111602345415816,
         0.068108107728706596,
         0.12788783620595798
      ],
      [
         0.055593270472179608,
         0.096662301118177058,
         0.088248549625826983,
         0.070702383318493517,
         0.13280240714143224,
         0.098268211017990423,
         0.13366423751855055,
         0.13005122621747392,
         0.068735488118909574,
         0.12527192545096605
      ],
      [
         0.059267875067607709,
         0.094379458824718682,
         0.11501026487644143,
         0.067262676498725874,
         0.11376292051221808,
         0.099698731372700064,
         0.14904917704155818,
         0.11433589640867285,
         0.065531098380895519,
         0.12170190101646164
      ],
      [
         0.058853390540821095,
         0.094393311189950119,
         0.11194952009652943,
         0.069128811035353982,
         0.11795948016357052,
         0.095562527817258755,
         0.14409625523776851,
         0.1221022201140073,
         0.065279271865130606,
         0.12067521193960963
      ],
      [
         0.057404151799169273,
         0.097460630933454584,
         0.095947602431640744,
         0.070562816878823556,
         0.12983892782356102,
         0.092858061741494122,
         0.13518283242817225,
         0.12614267470637963,
         0.067316233420980628,
         0.12728606783632435
      ],
      [
         0.055916972009787291,
         0.097467420614252773,
         0.093236151474557133,
         0.071070102990593353,
         0.12891679750704366,
         0.098492696973875637,
         0.13646230561632033,
         0.12948431769151261,
         0.066423537422489076,
         0.12252969769956799
      ],
      [
         0.057420038270687479,
         0.093834536614066058,
         0.094224161822561964,
         0.069143810094549521,
         0.12817687473952175,
         0.095729814109747777,
         0.13703665440433843,
         0.12782618797612905,
         0.069420644530991199,
         0.12718727743740682
      ],
      [
         0.055005728688847878,
         0.09689473937099885,
         0.084540547939686753,
         0.072246857219825142,
         0.13737098406693285,
         0.095106933707808844,
         0.12860100652187823,
         0.13399695589565352,
         0.069583225978234617,
         0.12665302061013337
      ],
      [
         0.057100705491448932,
         0.095383457128883159,
         0.095883663987920184,
         0.069826662389824962,
         0.12720997845122509,
         0.096402290595525131,
         0.13772244515561366,
         0.12779323664777656,
         0.067670416967802599,
         0.12500714318397979
      ],
      [
         0.051670058663069153,
         0.10280227875019923,
         0.066312144802849415,
         0.082264979567594682,
         0.16359848444879516,
         0.075485761848579136,
         0.10211539860562024,
         0.13970496940897079,
         0.076016091962210722,
         0.14002983194211149
      ],
      [
         0.058621749742714703,
         0.091495939073143559,
         0.10383802076687501,
         0.067437739143868039,
         0.11856874921130771,
         0.099538766708947735,
         0.14531246110947738,
         0.12229393668573853,
         0.06847589314523235,
         0.12441674441269493
      ],
      [
         0.056222968545759998,
         0.098507438349314386,
         0.093706726215692954,
         0.072066494849982718,
         0.1299623354690472,
         0.094286038673870406,
         0.13395970227848164,
         0.12990224664154057,
         0.066243211763502896,
         0.1251428372128072
      ],
      [
         0.054740786573782105,
         0.094312050261159922,
         0.084306812411465024,
         0.071846752144180001,
         0.13417933775059646,
         0.097173554793626729,
         0.1306350275599712,
         0.13822001829699274,
         0.069968320832117473,
         0.12461733937610833
      ],
      [
         0.056052869590173207,
         0.099758026487762996,
         0.095746820732434956,
         0.074749558416733614,
         0.1337350495807991,
         0.091740392294081832,
         0.13001021148007499,
         0.13237580180548034,
         0.06475901269284319,
         0.12107225691961572
      ],
      [
         0.057096018457939511,
         0.09942970784443339,
         0.095227443528919251,
         0.071773490033997828,
         0.13222374002324461,
         0.091152778238249785,
         0.13289165753869367,
         0.12647317983452869,
         0.066503946739124742,
         0.12722803776086847
      ],
      [
         0.055433845240403137,
         0.093189168450872953,
         0.08377583374573494,
         0.070955657380151319,
         0.13557737966349342,
         0.094093024571909656,
         0.12916664867367764,
         0.13706625036141279,
         0.072128221008942575,
         0.12861397090340151
      ],
      [
         0.058034719982600437,
         0.094144740598300136,
         0.1011585774980079,
         0.067158798933671937,
         0.11934078818594271,
         0.1014410776184648,
         0.14600112159856823,
         0.11914885008001652,
         0.067937422577346987,
         0.12563390292708024
      ],
      [
         0.055695588231568699,
         0.095242953399585481,
         0.087976861533768505,
         0.071063412582063029,
         0.13230840344258107,
         0.096477285635623897,
         0.13244612168228928,
         0.13311388707180805,
         0.069413838866871858,
         0.12626164755384006
      ],
      [
         0.054283368183277642,
         0.10171316597951047,
         0.082586152610125529,
         0.077592515522142483,
         0.14516710082750006,
         0.086331932679703766,
         0.12091135460671149,
         0.13809820165466946,
         0.066971573381897409,
         0.12634463455446165
      ],
      [
         0.057137812272735615,
         0.092576961094608348,
         0.09465399935717056,
         0.069038861122531214,
         0.12598164313147572,
         0.097612879254566909,
         0.13884502334190049,
         0.13040236502812907,
         0.069091884673404477,
         0.12465857072347743
      ],
      [
         0.05508575579279059,
         0.091259203378460052,
         0.082481900315160964,
         0.071892178210527916,
         0.13398916440927067,
         0.092365499149320254,
         0.12774962645789861,
         0.14312133895925522,
         0.072942147888918465,
         0.12911318543839712
      ],
      [
         0.058074917596918414,
         0.098984046758403874,
         0.10184789332211476,
         0.071398049415832027,
         0.12828283274451419,
         0.090894008454831365,
         0.13519468117590713,
         0.12355100692177368,
         0.065729477511880116,
         0.12604308609782439
      ],
      [
         0.058423047775391097,
         0.091721312414670006,
         0.093621700929665069,
         0.069302864519748084,
         0.12837313540832287,
         0.088574020808843343,
         0.13525673047727166,
         0.13198879677787059,
         0.070936202595703324,
         0.13180218829251392
      ],
      [
         0.055391931298628426,
         0.092836355730032558,
         0.081116548082223475,
         0.071475552852246216,
         0.13946670338709211,
         0.089493941647593084,
         0.12546826585411527,
         0.13986300567849524,
         0.073537627335151359,
         0.13135006813442215
      ],
      [
         0.057608789703402455,
         0.094067745997336055,
         0.098391499875744581,
         0.069491908449948389,
         0.12373005609753492,
         0.095472447946397671,
         0.13942520845437245,
         0.12844267700302878,
         0.067647055965117817,
         0.12572261050711692
      ],
      [
         0.057872650083493557,
         0.093932562014219484,
         0.097450970999867909,
         0.068467684208121021,
         0.12515178157107068,
         0.096889010246948334,
         0.14017473559581711,
         0.12470944353522993,
         0.06875361529322771,
         0.12659754645200424
      ],
      [
         0.058203994389568331,
         0.092989877046581904,
         0.098748327559927823,
         0.06769792629966874,
         0.12292993621112162,
         0.097918580421009829,
         0.14265464773057165,
         0.12319469522062386,
         0.069075482124446724,
         0.12658653299647954
      ],
      [
         0.059153740722394391,
         0.094455968634554424,
         0.11432891574284129,
         0.067907911165352733,
         0.11546971459175991,
         0.098610116795272623,
         0.14696955937016953,
         0.11657448145114044,
         0.065439812835850916,
         0.12108977869066372
      ],
      [
         0.058548213101741922,
         0.093571855630632139,
         0.10512913546793611,
         0.067286210293958829,
         0.11840850809203224,
         0.10052644654265579,
         0.14651977271129438,
         0.11875191577096965,
         0.067377119220547191,
         0.1238808231682318
      ],
      [
         0.055518319466500356,
         0.10253998016386784,
         0.089012701589437415,
         0.074573106657245924,
         0.13729793817424296,
         0.090172007983920749,
         0.12735521232362315,
         0.12976068910787389,
         0.065990636257907825,
         0.12777940827537992
      ],
      [
         0.059110949672568421,
         0.095768601586775998,
         0.10651540523438842,
         0.068165501124618721,
         0.12037321115617483,
         0.095398852642371718,
         0.14365079428444988,
         0.11751875920099243,
         0.066839598125801883,
         0.12665832697185764
      ],
      [
         0.054869036877104524,
         0.10669096341246667,
         0.085832598093046344,
         0.077087545462541374,
         0.14462331498396028,
         0.086810888383773238,
         0.1217809926785048,
         0.12851075888729735,
         0.065275981660820395,
         0.12851791956048503
      ],
      [
         0.052698839053767828,
         0.102183933441351,
         0.077656413235756866,
         0.080300024546871351,
         0.14894659098447113,
         0.0878061916238317,
         0.1168655567928104,
         0.14177194741190338,
         0.067398211266518807,
         0.12437229164271769
      ],
      [
         0.057536059370981926,
         0.093820288764635815,
         0.098375317322578357,
         0.068059899356482045,
         0.1228415799981961,
         0.10088489656870933,
         0.14238260766547475,
         0.12327172539159179,
         0.068278236284061072,
         0.12454938927728892
      ],
      [
         0.055296745217524132,
         0.099659869133937012,
         0.090493313476618528,
         0.073835847671871263,
         0.13343616494794669,
         0.094097972185685413,
         0.13081996731632525,
         0.13296167846211968,
         0.065824309462978473,
         0.1235741321249935
      ],
      [
         0.060825553766496718,
         0.091651676490136336,
         0.13131725642570269,
         0.065746985886833614,
         0.10562372955511631,
         0.10025744361343671,
         0.15623211024873504,
         0.10515169751797593,
         0.065110985943684418,
         0.11808256055188222
      ],
      [
         0.052506045702370774,
         0.1014327697542324,
         0.074578839754266643,
         0.078347572740656762,
         0.15052288977483053,
         0.088617449126541181,
         0.11575841731389559,
         0.13947891225177039,
         0.070263354174003811,
         0.12849374940743211
      ],
      [
         0.059225796516736207,
         0.093767976947449552,
         0.11560001315548669,
         0.067222425610630132,
         0.11366133008044878,
         0.10027247266283906,
         0.14949995390674559,
         0.11504840158027323,
         0.06547538879314671,
         0.12022624074624409
      ],
      [
         0.056357431372549345,
         0.097602331559462421,
         0.095704255474751615,
         0.071897274382628606,
         0.13008789491481768,
         0.095394949434223442,
         0.13497071978858705,
         0.13046523542712635,
         0.065815493365689356,
         0.12170441428016418
      ],
      [
         0.057686154736842937,
         0.10472891337798104,
         0.10827529538014512,
         0.072896481713581651,
         0.12652624322567954,
         0.09151076922789711,
         0.13549937841865167,
         0.11792706473176898,
         0.06276853187072301,
         0.122181167316729
      ],
      [
         0.058342250501716354,
         0.094320933645949928,
         0.098830297384204749,
         0.067559321413717469,
         0.12373431125929017,
         0.097551213444084656,
         0.14258902876345811,
         0.12032934440990589,
         0.068912879547862849,
         0.12783041962980982
      ],
      [
         0.055918795021665926,
         0.096487249361434643,
         0.08849696781552982,
         0.071159317056291166,
         0.13318916290011262,
         0.095036314636763042,
         0.13198884905498523,
         0.13129458568495275,
         0.06898712297387781,
         0.12744163549438697
      ],
      [
         0.055923547621772242,
         0.093236317992363399,
         0.089914833924386206,
         0.070733817171621166,
         0.12911974508214963,
         0.097016904081585614,
         0.13457345395516154,
         0.13586699198706326,
         0.069081217937187273,
         0.12453317024670969
      ],
      [
         0.057054481377049222,
         0.098314665192069189,
         0.095068042697853974,
         0.070218573854137198,
         0.12918180569980325,
         0.094772977645063067,
         0.13638039385546191,
         0.1245985510523938,
         0.06715463229833539,
         0.12725587632783311
      ],
      [
         0.057927223755426714,
         0.094133685538196524,
         0.098119908218963409,
         0.067775422366401203,
         0.12314534147821822,
         0.098592764225865784,
         0.14260433454976365,
         0.12218591418390132,
         0.068653994924216519,
         0.12686141075904669
      ],
      [
         0.056820332287681109,
         0.096931938494883851,
         0.093860675908114852,
         0.06975134263301544,
         0.12802580475410097,
         0.096723502594986063,
         0.13714034742997583,
         0.12573130595212528,
         0.067834049529930759,
         0.12718070041518598
      ],
      [
         0.057181897452873914,
         0.097863529479276845,
         0.091878105029857174,
         0.070139472418781157,
         0.1323988273894558,
         0.09186932914563832,
         0.13391427726187072,
         0.12570238801146269,
         0.068517616340112122,
         0.13053455747067125
      ],
      [
         0.058923427410542302,
         0.092432101527491692,
         0.10942503321257611,
         0.066877493106859059,
         0.11524841076423563,
         0.10150912096193981,
         0.14915624118738061,
         0.11750193753292495,
         0.066940202164749815,
         0.12198603213129991
      ],
      [
         0.056303136945249209,
         0.099005288763283905,
         0.099421132919471078,
         0.075056793608799202,
         0.13047090686271631,
         0.092286461174754059,
         0.13077254368441565,
         0.13228914264064315,
         0.064184393757606012,
         0.12021019964306151
      ],
      [
         0.056210430820721691,
         0.09599575069785006,
         0.089125101104673768,
         0.070729984755503322,
         0.13188476058256579,
         0.094193999343329463,
         0.13307448489534179,
         0.13129501072965041,
         0.069120463527418741,
         0.128370013542945
      ],
      [
         0.057010320819791613,
         0.093155199108172521,
         0.09113670665577811,
         0.069273186471461246,
         0.13007590597787502,
         0.095269932274722816,
         0.1355438927397242,
         0.13069983913077221,
         0.070403467274469819,
         0.12743154954723249
      ],
      [
         0.054615579937324514,
         0.095337438363826452,
         0.087487256594040386,
         0.073045924075272856,
         0.13437932093770652,
         0.099818260347962109,
         0.13090302664973177,
         0.13729487770205029,
         0.067757126936153517,
         0.11936118845593154
      ],
      [
         0.056934231437230795,
         0.098612816104444445,
         0.096175159980292441,
         0.070843877115540257,
         0.12944682565685312,
         0.094678202637281522,
         0.13589293382997966,
         0.12567530231049567,
         0.066353280931554126,
         0.12538736999632799
      ],
      [
         0.058637228935970669,
         0.096878117453724613,
         0.111627321828805,
         0.06893789195634703,
         0.1186196039337679,
         0.096877193266064116,
         0.14428349031159132,
         0.1180307890566223,
         0.064778156648775412,
         0.1213302066083316
      ],
      [
         0.057768034306459715,
         0.09580157612630523,
         0.10189180340657489,
         0.069023035823424131,
         0.12337799440449274,
         0.098149288030475831,
         0.14161393205248865,
         0.12277017539358361,
         0.066533062268229623,
         0.12307109818796556
      ],
      [
         0.058954063448529853,
         0.09767381331396853,
         0.10797149674965509,
         0.067835853259907805,
         0.11882231807565058,
         0.096703781218965973,
         0.14544932090235932,
         0.11404866009229923,
         0.065922311008238685,
         0.12661838193042485
      ],
      [
         0.057830923865912383,
         0.092789595807307113,
         0.097238394124551514,
         0.066912995661147848,
         0.1201060338656853,
         0.10121982380357589,
         0.14464843263152979,
         0.12098758686378658,
         0.069808456130369803,
         0.1284577572461337
      ],
      [
         0.051052239782288955,
         0.10284422463548225,
         0.069857527701505093,
         0.083596826947690883,
         0.15805323962524642,
         0.08454824097421372,
         0.10811794235425462,
         0.14401514767036788,
         0.070902384086449444,
         0.12701222622250063
      ],
      [
         0.052554746563092891,
         0.095743769197165887,
         0.074163033488081731,
         0.07681299132512602,
         0.14745871756814358,
         0.090536100076614598,
         0.11721177325156179,
         0.1459524614870667,
         0.072938965425886348,
         0.12662744161726053
      ],
      [
         0.058643836090656931,
         0.09393309018333354,
         0.10871907959278361,
         0.068103452496130312,
         0.11806700549479883,
         0.099051637399921358,
         0.14540785130101344,
         0.11999719921759744,
         0.066246437888299703,
         0.12183041033546482
      ],
      [
         0.056677699724439944,
         0.1046743712364115,
         0.095620873315490323,
         0.074551937867401288,
         0.13547391245214402,
         0.087966029007247024,
         0.12865621843978756,
         0.12443273574204547,
         0.064463702652181362,
         0.12748251956285137
      ],
      [
         0.058608655375135217,
         0.099265585783677224,
         0.10567692980016508,
         0.069757564918212278,
         0.1233872749464076,
         0.092957901687025293,
         0.13999842667759957,
         0.11816862765906418,
         0.065452524514748658,
         0.12672650863796489
      ],
      [
         0.055805787738503754,
         0.09696904602392574,
         0.092332410051145633,
         0.070767756378807348,
         0.12768881444035537,
         0.09932868395679724,
         0.13685301686946966,
         0.12962718374424775,
         0.066914144010118637,
         0.12371315678662881
      ],
      [
         0.055534320646462021,
         0.1002114983711927,
         0.089872463109927914,
         0.072134077113986506,
         0.13356629428536657,
         0.096348235480669897,
         0.13229502192059797,
         0.12788563954549703,
         0.066743070910892321,
         0.12540937861540716
      ],
      [
         0.057833179393076251,
         0.10040593285086216,
         0.10429579131563456,
         0.069233494001065238,
         0.12240517687180297,
         0.096706699309335314,
         0.14235508851333764,
         0.11696049221066296,
         0.064874948406233951,
         0.12492919712798911
      ],
      [
         0.051152893903549101,
         0.095141106779285431,
         0.06864328815890082,
         0.079617053512889599,
         0.14951755463135172,
         0.087829845461052672,
         0.11094279157912416,
         0.14961588288833913,
         0.076722386143701873,
         0.13081719694180549
      ],
      [
         0.055631703919736694,
         0.094480424243485281,
         0.089817860793523982,
         0.070457343598661251,
         0.12940402034557624,
         0.099976750944159906,
         0.13571491134058183,
         0.13288653262927361,
         0.068555921571150577,
         0.12307453061385054
      ],
      [
         0.058340321921291259,
         0.095808788807882059,
         0.10546591781319964,
         0.068323157556111055,
         0.12016485365625203,
         0.098205567190141854,
         0.14406724620882747,
         0.11938691878450877,
         0.066247327984719037,
         0.12398990007706691
      ],
      [
         0.058796881087220199,
         0.09228779499368428,
         0.11020890677317254,
         0.066071757027407113,
         0.11273684019069824,
         0.10552995101673729,
         0.15165043474253206,
         0.11358687771198962,
         0.06712824985825841,
         0.12200230659830034
      ],
      [
         0.058763995032546625,
         0.095097803818570553,
         0.11794177426290742,
         0.067942404448028987,
         0.11426867282097289,
         0.10059020099007136,
         0.14835093885676515,
         0.11568406348434011,
         0.064206468356846708,
         0.11715367792895022
      ],
      [
         0.059191068864575487,
         0.09437292770163147,
         0.1102705580674964,
         0.06716113817428665,
         0.11655145306361453,
         0.099348959166016049,
         0.14796801874598653,
         0.11508963668716521,
         0.066533841262671145,
         0.12351239826655656
      ],
      [
         0.059522395929967567,
         0.10013403960272922,
         0.11712146959027185,
         0.070109669551647047,
         0.11925352195571962,
         0.092236568883229036,
         0.14128284801304544,
         0.11347297148768803,
         0.063933196111603016,
         0.1229333188740992
      ],
      [
         0.057643530924704492,
         0.096039093957410129,
         0.10411467286375645,
         0.068800685296653299,
         0.1202503687087034,
         0.10011507304850241,
         0.14357101610515743,
         0.12149691536682596,
         0.065766485206241801,
         0.12220215852204468
      ],
      [
         0.059276767276791639,
         0.094251850595373235,
         0.11414526517374057,
         0.066689024360582189,
         0.11388702779566798,
         0.10134066158669319,
         0.15059141347642971,
         0.11249505612899928,
         0.065869060285237951,
         0.12145387332048416
      ],
      [
         0.059529063095394033,
         0.097399570149673986,
         0.11710839981292798,
         0.067604573155479658,
         0.11474515411857754,
         0.097347755624326016,
         0.14805894609709405,
         0.11058703690838212,
         0.064752371812341072,
         0.12286712922580344
      ],
      [
         0.05911372717317686,
         0.097713333376644881,
         0.10937224888863389,
         0.068489150484922462,
         0.11999005183663609,
         0.095031261139386494,
         0.143930113152583,
         0.11533767209274644,
         0.065628747889842576,
         0.12539369396542727
      ],
      [
         0.058738676460934162,
         0.094125585337966375,
         0.11571349232680993,
         0.068308642162247565,
         0.11385609985932074,
         0.09870312541690307,
         0.1475303473716871,
         0.11957450198752971,
         0.06458827710056049,
         0.11886125197604096
      ],
      [
         0.059650749741216917,
         0.093594825591950662,
         0.11764984576718916,
         0.066627802335401276,
         0.11220142877272397,
         0.10073560568714035,
         0.15123945899105973,
         0.11163056299021608,
         0.065709425516553899,
         0.12096029460654807
      ],
      [
         0.056848539167279416,
         0.1013467609909257,
         0.10378447886361394,
         0.074619172813111007,
         0.13006443807503149,
         0.091183593679290798,
         0.13264155625043159,
         0.12730885142194159,
         0.06319289331001611,
         0.11900971542835856
      ],
      [
         0.05601618660442529,
         0.098817215397687966,
         0.088788059983200079,
         0.071313948492609608,
         0.13426959707556899,
         0.093506535791372219,
         0.13193822448929199,
         0.1286876012385352,
         0.068055206285883643,
         0.12860742464142494
      ],
      [
         0.055382339071736529,
         0.10611048358134782,
         0.088783588450649875,
         0.075036184111775442,
         0.13929948295685407,
         0.089231101585105457,
         0.12663638938560084,
         0.12598585989836164,
         0.064996757527245722,
         0.12853781343132267
      ],
      [
         0.058850940000865722,
         0.090333110634211441,
         0.102328439999941,
         0.066915631258210886,
         0.1187178775412234,
         0.099274683801053948,
         0.14581216282612292,
         0.12252036321830317,
         0.069646331901714847,
         0.12560045881835244
      ]
   ],
   "output_training" : [
      [
         0.05763742650631884,
         0.093279527331168594,
         0.091562212742447857,
         0.067510065503208469,
         0.13669496918053542,
         0.092843567662599921,
         0.14708160169242518,
         0.10976610333952555,
         0.067642427539817959,
         0.13598209850195209
      ],
      [
         0.056655503891088921,
         0.094707552496502992,
         0.086806095605984082,
         0.06896633206032704,
         0.14170642042591544,
         0.091030938759759109,
         0.14147655966298406,
         0.11310693074430854,
         0.067891362998526064,
         0.13765230335460366
      ],
      [
         0.057078502916140132,
         0.0932183216512769,
         0.085975192509100573,
         0.067349295977849444,
         0.14017548283151832,
         0.09127170968751111,
         0.1437836365002654,
         0.11119626354435136,
         0.069637278649758341,
         0.14031431573222847
      ],
      [
         0.054487390071279736,
         0.094013474649540185,
         0.077513613814051238,
         0.069962597305516891,
         0.14856849669118949,
         0.09267293443657916,
         0.13632429361570803,
         0.11841694162226955,
         0.070950167747143966,
         0.13709009004672176
      ],
      [
         0.058122664722911707,
         0.092563403207106737,
         0.097336490719367855,
         0.067307547546621854,
         0.13122658823070141,
         0.094986055619812951,
         0.15037645589007115,
         0.10835751760601887,
         0.066439433404213641,
         0.13328384305317378
      ],
      [
         0.05758559100600863,
         0.093254583761359991,
         0.095229685390817706,
         0.069502692848353392,
         0.135758659293305,
         0.091778150961714364,
         0.14504843100156739,
         0.11412938426540081,
         0.065832651648351906,
         0.13188016982312095
      ],
      [
         0.056329755187430559,
         0.095808105339189722,
         0.084023957915013284,
         0.070264864555152129,
         0.14692084900002128,
         0.087993916241628653,
         0.13617782460544273,
         0.11512652755557014,
         0.068302856534012663,
         0.13905134306653899
      ],
      [
         0.054772464153083053,
         0.094988049582829748,
         0.081733489989649896,
         0.070727725042862621,
         0.14447858304215694,
         0.093838272759683566,
         0.13964936118565996,
         0.11836503777535382,
         0.067748148397729108,
         0.13369886807099113
      ],
      [
         0.05641814425707152,
         0.092137771889206216,
         0.082682319200270263,
         0.068601284959938724,
         0.14457844271422543,
         0.090210415502689739,
         0.13870361115903199,
         0.11643946937975093,
         0.071008926258258429,
         0.13921961467955682
      ],
      [
         0.054075169257569833,
         0.094753306760417266,
         0.075221085636580282,
         0.071313602065801812,
         0.15262262616149133,
         0.089785961466253977,
         0.13139098017498235,
         0.12054820475544026,
         0.071652566419076608,
         0.13863649730238636
      ],
      [
         0.056128046790931863,
         0.093518110876666255,
         0.084669956696535181,
         0.069376655787400654,
         0.14278073030093771,
         0.091723448908348257,
         0.14052087729140411,
         0.11631360567116274,
         0.068692950459454089,
         0.13627561721715928
      ],
      [
         0.05100750354707001,
         0.10251180278909987,
         0.060693915665373202,
         0.080552933251053102,
         0.17530644743857865,
         0.072753063212380939,
         0.10347364627647139,
         0.12349161820187068,
         0.07879418595615123,
         0.1514148836619508
      ],
      [
         0.057528518079608917,
         0.090125953446745233,
         0.089524279107725618,
         0.067087531296548486,
         0.13509920644530146,
         0.094312572842113598,
         0.14713558091121876,
         0.11292349561013149,
         0.069984929602249973,
         0.13627793265835655
      ],
      [
         0.055164913994431145,
         0.096871258059461882,
         0.082652985683837651,
         0.071737898900673377,
         0.14585207303925019,
         0.090167009719112998,
         0.13650601973272047,
         0.1175255766466106,
         0.067119966745436604,
         0.13640229747846525
      ],
      [
         0.053797206404881628,
         0.092561214786828799,
         0.075433328744455713,
         0.07092651838461328,
         0.14809888160136964,
         0.092642065700523774,
         0.13503330454345774,
         0.12352630559447111,
         0.07173117756504363,
         0.13624999667435467
      ],
      [
         0.055118985107227472,
         0.098387180264309038,
         0.085303754519151676,
         0.07530428410010033,
         0.14999769521815587,
         0.087951753402645258,
         0.13178187140551875,
         0.12029630662560108,
         0.06499162409715882,
         0.13086654526013161
      ],
      [
         0.055978031915081328,
         0.097925209278163033,
         0.083377369218727168,
         0.07164714413235404,
         0.14971878325088206,
         0.086542154872190816,
         0.1334413674020091,
         0.11523682147638112,
         0.067290035803348025,
         0.13884308265086345
      ],
      [
         0.054685965923126079,
         0.091829570000070235,
         0.075428011277408211,
         0.069715798042235377,
         0.14964861555398118,
         0.089288136158371653,
         0.13305238454066151,
         0.12156678468622913,
         0.073972882585993147,
         0.14081185123192341
      ],
      [
         0.056894424781332574,
         0.091662098507440143,
         0.087016940822510519,
         0.066443392960503583,
         0.13559329276986762,
         0.095824978919095707,
         0.14862516451857649,
         0.11040335186155247,
         0.069821726987621277,
         0.13771462787149955
      ],
      [
         0.054888640796336909,
         0.09344544978546461,
         0.078800101087621283,
         0.070147262547363379,
         0.14678431098371514,
         0.091674323339283076,
         0.13625973265744404,
         0.11930412140001639,
         0.07092128196422777,
         0.1377747754385274
      ],
      [
         0.053072518513693663,
         0.10087187375689217,
         0.073474088767110521,
         0.077234529370152419,
         0.16057952025167307,
         0.083389690747622106,
         0.12298802860367393,
         0.12310698551056404,
         0.067802966887828192,
         0.13747979759078982
      ],
      [
         0.056176440306180443,
         0.090993731742146103,
         0.083979365970708611,
         0.068465707040055557,
         0.14068014201162571,
         0.093146139999750813,
         0.1425730861702505,
         0.11800705604679747,
         0.070175841096425343,
         0.13580248961605942
      ],
      [
         0.054315297980806497,
         0.09092241545469841,
         0.074603244321636786,
         0.071042741484468472,
         0.14765266068931163,
         0.088306542946403568,
         0.13158053450828394,
         0.12607895318772977,
         0.0743919384400588,
         0.14110567098660212
      ],
      [
         0.056912790347937635,
         0.097858208721810308,
         0.088094102615908471,
         0.071814297908663519,
         0.14715479862278225,
         0.086169878150486462,
         0.13429845197940626,
         0.11394576368949577,
         0.066285061650301597,
         0.13746664631320771
      ],
      [
         0.057166129653933362,
         0.091289300458879424,
         0.081830729592417495,
         0.068936334733864846,
         0.14550753272217221,
         0.084489922170575965,
         0.13538837257166705,
         0.119303815552412,
         0.072079167414765027,
         0.14400869512931272
      ],
      [
         0.054470061573103516,
         0.092060386114530421,
         0.072783879814650662,
         0.070435183662661341,
         0.15418897218685257,
         0.084963092721557124,
         0.12808148609140635,
         0.12375484448333879,
         0.07537483168644768,
         0.1438872616654516
      ],
      [
         0.056564822422585322,
         0.09271101686808432,
         0.086533593816574564,
         0.069101372869475902,
         0.13923819723060921,
         0.091446576811277464,
         0.14219995753420697,
         0.1166972876204241,
         0.068492447003936641,
         0.13701472782282562
      ],
      [
         0.056815126438699945,
         0.092047513165623443,
         0.084931736112646761,
         0.067917404023041417,
         0.14168195614317233,
         0.091426505927453786,
         0.14192435234683728,
         0.11433338884450885,
         0.070288255211123918,
         0.13863376178689221
      ],
      [
         0.057082014752003626,
         0.09111097725698819,
         0.085638710210522009,
         0.067049785584173155,
         0.1393854657083731,
         0.092465202562280691,
         0.14462070241085298,
         0.11317849647736014,
         0.070721809277477593,
         0.13874683575996849
      ],
      [
         0.058083605707087232,
         0.092765153489016622,
         0.097771760811570324,
         0.068127880692657752,
         0.13273077700963343,
         0.094068043994931003,
         0.14821661049470516,
         0.11004189878332621,
         0.066102959847415946,
         0.13209130916965639
      ],
      [
         0.057439239824193196,
         0.091398979226084753,
         0.090415641581835099,
         0.06688903864533019,
         0.13493554926455298,
         0.095181214719247245,
         0.14865917240346357,
         0.11074804689032849,
         0.068784953776064237,
         0.13554816366890018
      ],
      [
         0.054492627583142071,
         0.10096612849907063,
         0.078896992981757286,
         0.074088349083812191,
         0.15358657976606124,
         0.086074704490523693,
         0.12899270952338229,
         0.11679515015324446,
         0.066862614309159754,
         0.13924414360984655
      ],
      [
         0.057977536496030664,
         0.094130834668050237,
         0.091190022973129531,
         0.067917259359292409,
         0.13849694441440491,
         0.09019306013702981,
         0.14380368710823857,
         0.10947046190814282,
         0.06787590617568294,
         0.13894428675999798
      ],
      [
         0.05369780606423049,
         0.10524693162043847,
         0.075338104436371831,
         0.077143088851586966,
         0.1626339265123693,
         0.081987523601024584,
         0.12111731228022062,
         0.11616841768044389,
         0.066338158539633665,
         0.14032873041368032
      ],
      [
         0.051694720230540787,
         0.1014147387423559,
         0.069938085042841588,
         0.079979304120718159,
         0.16351438662483878,
         0.084236920728144149,
         0.11938484563241863,
         0.1259758597776536,
         0.068414244758046472,
         0.13544689434244211
      ],
      [
         0.05642407052917206,
         0.091442683043800974,
         0.085197850435219477,
         0.067558610780126774,
         0.13912945772742935,
         0.095128672330396347,
         0.14467990734083561,
         0.11398478086608821,
         0.07017206807802423,
         0.13628189886890699
      ],
      [
         0.054265676079998479,
         0.097933830669320779,
         0.080257839727004024,
         0.073571612632897521,
         0.14897134643552498,
         0.090078876291568619,
         0.13369192794582307,
         0.11994460056116893,
         0.066708612516974367,
         0.1345756771397193
      ],
      [
         0.059822916428944405,
         0.090720478810316557,
         0.10819316444886648,
         0.065945923625340033,
         0.12410005437896521,
         0.095887636796592082,
         0.15671680860952991,
         0.10232898896496724,
         0.065930217374204805,
         0.13035381056227327
      ],
      [
         0.05169297325316051,
         0.099878347526305866,
         0.06719876189117413,
         0.076570928006007552,
         0.16462927918525627,
         0.084076046951133562,
         0.11864637889005178,
         0.1233596876461721,
         0.072730022513000508,
         0.14121757413773789
      ],
      [
