{
   "errors_training" : [
      2.179724105625187,
      2.1568306439704599,
      2.1261029330156971,
      2.0929096069350916,
      2.0629190238529174,
      2.0407821934560118,
      2.0283534060514237,
      2.0234665608133215,
      2.0227354849970856,
      2.0238387597382914,
      2.0255302105546207,
      2.0268755994510257,
      2.0279920080816076,
      2.0292613211304125,
      2.0303286752307366,
      2.0323489979931004,
      2.034004539290188,
      2.0347937737896888,
      2.0345823542724335,
      2.0336551429051575,
      2.0325298388961786,
      2.0314305054185229,
      2.0311508124809317,
      2.0313564886602222,
      2.0319341522588203,
      2.0326370876953739,
      2.0333337947749031,
      2.0341613905237041,
      2.0348909606050385,
      2.0354818314862682,
      2.0359121338638619,
      2.0361788252164286,
      2.036155056319664,
      2.036083883814209,
      2.035853475087805,
      2.0353233235167711,
      2.0344848379682539,
      2.0337849523211626,
      2.0329382842947963,
      2.0319481738547025,
      2.03082290587064,
      2.0295591914815545,
      2.0281558348323405,
      2.0266041843452474,
      2.0248971285973454,
      2.0229994124726702,
      2.0209056771400884,
      2.0186116684317246,
      2.01613701900208,
      2.013201634229925,
      2.0106102167194213,
      2.008134883489272,
      2.0059036731281319,
      2.0039824106319801,
      2.0021995790458607,
      2.0003759022527237,
      1.9989720736014058,
      1.9975880932525134,
      1.9958536402917944,
      1.9941471694145436,
      1.9928224481204502,
      1.9915528034132626,
      1.9902005570929588,
      1.9888402391228202,
      1.9874283079420796,
      1.9861786256384326,
      1.9852651219657287,
      1.9841260199489239,
      1.9828138889085529,
      1.9816697636398561,
      1.9802915269070223,
      1.9786571315154096,
      1.9767474191368604,
      1.9745289853479981,
      1.9719677160611846,
      1.9706704026861559,
      1.969407874263519,
      1.9681590831414242,
      1.9666068496382882,
      1.9653451361555161,
      1.9637734595870444,
      1.9618987179166265,
      1.9597319833448077,
      1.9572808801565125,
      1.9560545871470258,
      1.9548676184334337,
      1.953705732219196,
      1.9525677964458754,
      1.9514390542415128,
      1.9503194458654896,
      1.9491499172985187,
      1.9480544487663323,
      1.9469750426688863,
      1.9456237107684149,
      1.9439924213040354,
      1.9420720258584003,
      1.9398607449016494,
      1.9388136334021253,
      1.937786028208305,
      1.9367908951338166,
      1.9355229341771147,
      1.9345460075165426,
      1.9335918707554316,
      1.9326352662096318,
      1.9316945040676059,
      1.9307644833614672,
      1.9295575908251039,
      1.9286635478179843,
      1.9274880099458911,
      1.9265983215136158,
      1.925427842859933,
      1.9239772225385552,
      1.922247172997942,
      1.9202384988275278,
      1.9179568082751275,
      1.9154183759925132,
      1.9146052039820838,
      1.9138378688567894,
      1.9128231976386185,
      1.9120563842803626,
      1.9113030490712359,
      1.9105672410402936,
      1.9095791612606106,
      1.9083319341620431,
      1.9075889967062694,
      1.9068732404663369,
      1.9061807748232422,
      1.9052370809786607,
      1.9040346888685109,
      1.9025575058661415,
      1.9007881480735209,
      1.9000765301691913,
      1.8994314075185421,
      1.8985256944728575,
      1.897356360840053,
      1.8966889406547012,
      1.8960482248089554,
      1.8951428609802201,
      1.8939657755418127,
      1.8925703252416182,
      1.8919263562377042,
      1.8913061007260468,
      1.8904433433525429,
      1.8892979895755151,
      1.8879112009970043,
      1.887274257331796,
      1.8867008444601774,
      1.8861115701759061,
      1.8855463485544874,
      1.8849739829527921
   ],
   "errors_validation" : [
      2.350193942511841,
      2.3215174648114552,
      2.2826055591636689,
      2.238506838635768,
      2.1948490329844601,
      2.1572238748320895,
      2.1295176405210734,
      2.1100747646856073,
      2.0973846672404957,
      2.0933578601016731,
      2.0894441114337381,
      2.0865551067347026,
      2.0844849276310553,
      2.0834465370185598,
      2.083467318387866,
      2.0849089679928769,
      2.0867932073955697,
      2.0885957369715236,
      2.090145717053522,
      2.0916611024794434,
      2.0935558504248584,
      2.0964802306758266,
      2.099872002636995,
      2.1038162114301477,
      2.1079645170450605,
      2.1121826113876891,
      2.1161832883155105,
      2.1197906516969591,
      2.1230033744406906,
      2.1257972504558036,
      2.1281809025700897,
      2.1301936225184854,
      2.1317429320631227,
      2.1330963848621378,
      2.1341748060495411,
      2.1348661453890334,
      2.1351786243743298,
      2.1355482191861221,
      2.1357133086753746,
      2.1356609198517802,
      2.135398598123468,
      2.1349024093378706,
      2.1341400880396315,
      2.1330688770934074,
      2.1315892559332701,
      2.1297944564708073,
      2.1275764384596467,
      2.1249319342838575,
      2.1219015512708794,
      2.1177658315760333,
      2.114405629128413,
      2.111140213376526,
      2.1081584613757061,
      2.1055409069637268,
      2.1030137316271316,
      2.1005344715633654,
      2.0986714976119756,
      2.0968941592500983,
      2.0951951119933954,
      2.0939746397220147,
      2.0920046000798509,
      2.0903185228246475,
      2.0889976113000146,
      2.0882131793685907,
      2.0873186985378998,
      2.0871415766258283,
      2.0876792825843555,
      2.0869188269516972,
      2.0863599112130737,
      2.0859357628675208,
      2.0857121700545731,
      2.0855795796143553,
      2.0853226495358945,
      2.0846679819635567,
      2.0833844593694093,
      2.082275816378762,
      2.0814078064595294,
      2.0806363189914165,
      2.0796162941732401,
      2.0789100042026631,
      2.0779926358357583,
      2.0768108988439447,
      2.0752729327393182,
      2.0733258330422699,
      2.0724949048686647,
      2.0719271979497988,
      2.071467066125753,
      2.071051361908721,
      2.070676048152766,
      2.0703140275363441,
      2.0697774941402449,
      2.0695152322848087,
      2.0692146071467663,
      2.0687483188210729,
      2.0680542252658713,
      2.0670860856772881,
      2.0658725499474482,
      2.0656891386922518,
      2.0655770759902885,
      2.0654589040877664,
      2.0651656998982149,
      2.0650803230206694,
      2.0650075764590938,
      2.064933339831891,
      2.0648646596252638,
      2.0648320966291682,
      2.0645548490020875,
      2.0645554173680027,
      2.0643577204516026,
      2.0644665425758304,
      2.0643652775666426,
      2.0640416912529447,
      2.0635555170239486,
      2.063008634946609,
      2.0624717525080229,
      2.0619383786043,
      2.0622911094869427,
      2.0626320236724256,
      2.062806262174639,
      2.0631797115487984,
      2.0634710018196158,
      2.0637909840040067,
      2.0638884393107797,
      2.0638701934668351,
      2.0644459954403147,
      2.0647417957640943,
      2.065176744298864,
      2.0653989618207849,
      2.0654766052582669,
      2.06553421944631,
      2.0656104096922112,
      2.0661364299866052,
      2.0665671480639975,
      2.0668891330504553,
      2.067160477492846,
      2.0672709844366159,
      2.0688710572029079,
      2.069225025962024,
      2.0683519170754074,
      2.0679458749697344,
      2.0698095474445308,
      2.0694215681865953,
      2.0693873532419063,
      2.0702801524688952,
      2.0711124464034434,
      2.0706083723187598,
      2.0717850954834272,
      2.0717476542979432,
      2.0724865431019106,
      2.0726811520393134
   ],
   "output_testing" : [
      [
         0.066768879066318593,
         0.066770749787943784,
         0.066929663809355458,
         0.066768879066318662,
         0.066768879066322728,
         0.066768879087170802,
         0.39891677212337051,
         0.066769419542876102,
         0.066768999238825566,
         0.066768879211497559
      ],
      [
         0.07751364289255902,
         0.077513679155319884,
         0.30107959179902799,
         0.07751364289255902,
         0.07751364289255902,
         0.077513642892923784,
         0.078615294670876884,
         0.07770957681248912,
         0.077513643098037016,
         0.077513642893648316
      ],
      [
         0.097456342058389503,
         0.09745670253682534,
         0.097730628885810092,
         0.097456342058389503,
         0.097456342058389572,
         0.0974563420620293,
         0.12210982588065067,
         0.097964780933158274,
         0.097456351455570897,
         0.097456342070786892
      ],
      [
         0.098534004521704549,
         0.098534020823209514,
         0.11241706121097694,
         0.098534004521704549,
         0.098534004521704549,
         0.098534004521829047,
         0.098672986040862248,
         0.099171904436953243,
         0.098534004878825798,
         0.098534004522229615
      ],
      [
         0.061570424305955704,
         0.061570449153842716,
         0.061888390320919556,
         0.061570424305955704,
         0.061570424305955704,
         0.061570424306124596,
         0.062271762384101786,
         0.44484685143711705,
         0.061570425171828383,
         0.061570424308198868
      ],
      [
         0.090252753397347563,
         0.090252832216570086,
         0.090604099983374278,
         0.090252753397347563,
         0.090252753397347563,
         0.090252753397353933,
         0.17699792188094812,
         0.1006286247169404,
         0.090252754215193118,
         0.090252753397577545
      ],
      [
         0.099378905551319674,
         0.099379027269714745,
         0.1051201876861763,
         0.099378905551319674,
         0.099378905551319674,
         0.099378905551659028,
         0.099811888824057698,
         0.099415461406061278,
         0.099378907054557597,
         0.099378905553814317
      ],
      [
         0.096845736928873133,
         0.096845748934167114,
         0.10096248154687203,
         0.096845736928873133,
         0.096845736928873133,
         0.096845736928994189,
         0.11815072378886884,
         0.10296662410146951,
         0.096845736983742339,
         0.096845736929266471
      ],
      [
         0.084855980807979764,
         0.084856062675033345,
         0.085171772712523117,
         0.084855980807979764,
         0.084855980807979764,
         0.084855980808464251,
         0.23596954034090548,
         0.084866737848459967,
         0.084855982378189823,
         0.084855980812484647
      ],
      [
         0.098928250579048041,
         0.098928339013378469,
         0.10729055958304715,
         0.098928250579048041,
         0.098928250579048041,
         0.098928250579103386,
         0.098970254993036175,
         0.10124134070280739,
         0.098928252812227696,
         0.098928250579255694
      ],
      [
         0.089221964795659386,
         0.089222060948464257,
         0.089601034246150499,
         0.089221964795659386,
         0.0892219647956594,
         0.089221964796367181,
         0.19659231496020155,
         0.08925279823274565,
         0.089221967626841925,
         0.089221964802250656
      ],
      [
         0.089410863113672662,
         0.089415233366086103,
         0.090623737428325871,
         0.089410863113673064,
         0.08941086311367441,
         0.089410863154938,
         0.14573426067276793,
         0.13776157196053387,
         0.08941087997272229,
         0.089410864103605742
      ],
      [
         0.057122207613745014,
         0.057122254554857366,
         0.13199212810828673,
         0.057122207613745014,
         0.057122207613745014,
         0.057122207613824125,
         0.057122294109774485,
         0.41103007529876662,
         0.057122209856994566,
         0.057122207616261238
      ],
      [
         0.060168895343476678,
         0.060169207156455372,
         0.06034853336047636,
         0.060168895343476678,
         0.060168895343476705,
         0.060168895343759812,
         0.3529096418607508,
         0.16555924200357763,
         0.060168898887426533,
         0.060168895357123359
      ],
      [
         0.054108963856725034,
         0.054109025865901307,
         0.39898518219588791,
         0.054108963856725034,
         0.054108963856725034,
         0.054108963857103801,
         0.05410907078523057,
         0.1681429379496506,
         0.054108963919065951,
         0.054108963856984868
      ],
      [
         0.099639216665062438,
         0.099639251031943973,
         0.10122349720009909,
         0.099639216665062438,
         0.099639216665062452,
         0.099639216666066288,
         0.10014805579464969,
         0.10115389192677492,
         0.099639220712365292,
         0.099639216672913533
      ],
      [
         0.063835864552505769,
         0.063836022038679607,
         0.063841558261857181,
         0.063835864552505769,
         0.063835864552505769,
         0.063835864552588759,
         0.42547119165743102,
         0.063836026306951205,
         0.063835878966507317,
         0.06383586455846757
      ],
      [
         0.099175023919095676,
         0.099175175419209824,
         0.10296403445199226,
         0.099175023919095676,
         0.099175023919095676,
         0.099175023920234556,
         0.099422488650272367,
         0.10338815711546667,
         0.099175024763549252,
         0.09917502392198814
      ],
      [
         0.091177422580139195,
         0.091177497520005729,
         0.095412671333295285,
         0.091177422580139195,
         0.091177422580139236,
         0.091177422585966728,
         0.17516683277583278,
         0.091178459114737861,
         0.09117742632519113,
         0.091177422604552791
      ],
      [
         0.098748509925973865,
         0.098748643433580405,
         0.098928659042021236,
         0.098748509925973865,
         0.098748509925973879,
         0.098748509926802897,
         0.10785207125216567,
         0.10197956288477686,
         0.09874851375247494,
         0.098748509930256342
      ],
      [
         0.074375354875292135,
         0.07437578471147617,
         0.16896890282703561,
         0.074375354875292135,
         0.074375354875292191,
         0.074375354875781077,
         0.23602724187824531,
         0.074375935638418073,
         0.074375360531298215,
         0.074375354911869071
      ],
      [
         0.099182234484468446,
         0.09918279937669483,
         0.10379806936925268,
         0.099182234484468446,
         0.099182234484468459,
         0.099182234484855664,
         0.1023212626202627,
         0.099604453928207118,
         0.09918224227988634,
         0.099182234487435239
      ],
      [
         0.045074979033241376,
         0.045075641869248721,
         0.30656029689880354,
         0.045074979033241376,
         0.045074979033241383,
         0.045074979033324046,
         0.045075077328117372,
         0.33283910906381348,
         0.045074979673610717,
         0.045074979033357852
      ],
      [
         0.097555096054900176,
         0.097555247862669045,
         0.09785961887254073,
         0.097555096054900176,
         0.097555096054900203,
         0.09755509605606498,
         0.12156568286075375,
         0.097688867430332421,
         0.09755510268095971,
         0.09755509607197875
      ],
      [
         0.096933128350791417,
         0.096933854235753708,
         0.11074748619858821,
         0.096933128350791417,
         0.096933128350791514,
         0.096933128356801276,
         0.097049665422198714,
         0.11367022097149507,
         0.096933131364322481,
         0.096933128398466128
      ],
      [
         0.07462987085835851,
         0.074636582104958063,
         0.32789105308548461,
         0.074629870858358635,
         0.074629870858359787,
         0.074629870868856765,
         0.075057045472087996,
         0.074636076984814004,
         0.074629887831167127,
         0.074629871077554533
      ],
      [
         0.092266236894088402,
         0.092266781965183578,
         0.16498546615974077,
         0.092266236894088402,
         0.092266236894088416,
         0.092266236894844977,
         0.096864648382711596,
         0.0922856757438974,
         0.092266243270259146,
         0.092266236901097365
      ],
      [
         0.098803772006862411,
         0.098803975255172857,
         0.10068609598360506,
         0.098803772006862411,
         0.098803772006862425,
         0.098803772008859508,
         0.10819718232304144,
         0.099490109753027398,
         0.098803776637001434,
         0.098803772018705091
      ],
      [
         0.049488112591948234,
         0.049488600565312589,
         0.34957124826376595,
         0.049488112591948234,
         0.049488112591948241,
         0.049488112592336993,
         0.049490563998355309,
         0.2545209112361756,
         0.049488112973411762,
         0.049488112594797143
      ],
      [
         0.0633467692220087,
         0.063346801644663997,
         0.063441965893870994,
         0.0633467692220087,
         0.063346769222008714,
         0.06334676922261831,
         0.42976502572018282,
         0.063365590616393144,
         0.063346770009345549,
         0.063346769226898941
      ],
      [
         0.09822660771273313,
         0.098226830447437227,
         0.10542383031307939,
         0.09822660771273313,
         0.09822660771273313,
         0.098226607712937217,
         0.10869036848694036,
         0.098299323736339886,
         0.09822660845017181,
         0.098226607714894748
      ],
      [
         0.065569635052396574,
         0.065569680598068253,
         0.065675412344392836,
         0.065569635052396574,
         0.065569635052396588,
         0.065569635054482517,
         0.39269985565243642,
         0.082637240252884644,
         0.065569635882863325,
         0.065569635057682402
      ],
      [
         0.099511624947747873,
         0.099511731418233718,
         0.10296578307646941,
         0.099511624947747873,
         0.099511624947747873,
         0.099511624947917474,
         0.10011503994690993,
         0.10033769521474654,
         0.099511625604059351,
         0.099511624948420016
      ],
      [
         0.06172609691980261,
         0.061726170195831029,
         0.062054103128410566,
         0.06172609691980261,
         0.06172609691980261,
         0.06172609691982401,
         0.4441032692784993,
         0.061759874972127322,
         0.06172609782530495,
         0.061726096920594949
      ],
      [
         0.098728246986917956,
         0.098728258708669636,
         0.098761549890908268,
         0.098728246986917956,
         0.098728246986917956,
         0.098728246987296542,
         0.11126171590883233,
         0.098878992085927569,
         0.098728248468895927,
         0.098728246988715768
      ],
      [
         0.096622403539874571,
         0.096622450968370119,
         0.098788466869547037,
         0.096622403539874571,
         0.096622403539874571,
         0.096622403540139998,
         0.12820016049513969,
         0.096654499950897158,
         0.096622404014339761,
         0.096622403541942389
      ],
      [
         0.07338917950949736,
         0.073389424343544049,
         0.074603580888699839,
         0.07338917950949736,
         0.073389179509497374,
         0.073389179509841709,
         0.23133098099271956,
         0.18034093597847134,
         0.073389180242324659,
         0.073389179515906788
      ],
      [
         0.062050859223171335,
         0.062052376139756178,
         0.064608145692590685,
         0.06205085922317178,
         0.062050859223186969,
         0.062050859360827056,
         0.43898257834443261,
         0.062051698617353886,
         0.06205090459917597,
         0.062050859576333467
      ],
      [
         0.099055591764511813,
         0.099055658422199558,
         0.10828122847243302,
         0.099055591764511813,
         0.099055591764511813,
         0.09905559176530615,
         0.099212146843050047,
         0.099117414001159226,
         0.099055593433590064,
         0.099055591768726456
      ],
      [
         0.096947621991944677,
         0.096947819089137244,
         0.10934360504649808,
         0.096947621991944677,
         0.096947621991944691,
         0.096947621992477806,
         0.11477413669859536,
         0.097248705857979803,
         0.096947623343966699,
         0.096947621995510852
      ],
      [
         0.099161898501008705,
         0.099161906131849109,
         0.10184272213156972,
         0.099161898501008705,
         0.099161898501008705,
         0.099161898501241699,
         0.10486040518566689,
         0.099163575086782738,
         0.099161898957505462,
         0.099161898502358112
      ],
      [
         0.089229992690538676,
         0.089230008816671841,
         0.12842734448337653,
         0.089229992690538676,
         0.089229992690538676,
         0.089229992690572732,
         0.15604024071329078,
         0.090922449684802814,
         0.089229992848878559,
         0.089229992690790932
      ],
      [
         0.098930530596944719,
         0.098930747478866807,
         0.1081330370761035,
         0.098930530596944719,
         0.098930530596944746,
         0.098930530598386635,
         0.10038257919052525,
         0.098970447227401587,
         0.098930536029000662,
         0.098930530608881392
      ],
      [
         0.098346285311047832,
         0.098346338097775196,
         0.11388577190118426,
         0.098346285311047832,
         0.098346285311047846,
         0.098346285311876377,
         0.09834716657041459,
         0.099342994440531227,
         0.098346302428327204,
         0.098346285316747578
      ],
      [
         0.097633470949169576,
         0.097639505787571967,
         0.10419783297749195,
         0.09763347094916959,
         0.097633470949169812,
         0.097633470952780618,
         0.11282869135612229,
         0.099533120917190743,
         0.097633494170405427,
         0.097633470990928076
      ],
      [
         0.098769521841209351,
         0.098769568302477351,
         0.10646137962642807,
         0.098769521841209351,
         0.098769521841209351,
         0.098769521841630931,
         0.099856166645724539,
         0.10229575104780372,
         0.098769525161440469,
         0.098769521850866945
      ],
      [
         0.096030069119376477,
         0.096030250005043144,
         0.13190799631952835,
         0.096030069119376477,
         0.09603006911937649,
         0.096030069120477998,
         0.099819074153032997,
         0.096062262722953012,
         0.096030071197081082,
         0.096030069123753919
      ],
      [
         0.099581662086638337,
         0.09958174427545298,
         0.10179452206293635,
         0.099581662086638337,
         0.099581662086638351,
         0.099581662087156797,
         0.10091671756790212,
         0.10021703925615141,
         0.099581666400668678,
         0.099581662089816864
      ],
      [
         0.062442026090067715,
         0.062442256083255182,
         0.16926922859035604,
         0.062442026090067715,
         0.062442026090067729,
         0.062442026093929973,
         0.33104767431312287,
         0.062588684003117276,
         0.062442026548180728,
         0.062442026097834835
      ],
      [
         0.071106089139802306,
         0.071106498016025171,
         0.34611412608434478,
         0.071106089139802306,
         0.071106089139802306,
         0.071106089140199419,
         0.071601083378228153,
         0.084541757098602899,
         0.07110608972137511,
         0.0711060891418175
      ],
      [
         0.063623174344768496,
         0.063623620089620775,
         0.063705504315850467,
         0.063623174344768496,
         0.063623174344768524,
         0.0636231743461705,
         0.4272745370963425,
         0.063657291107866193,
         0.063623175658283015,
         0.063623174351561021
      ],
      [
         0.094774840266302021,
         0.094775009334796517,
         0.09805885880960552,
         0.094774840266302021,
         0.094774840266302021,
         0.09477484026653378,
         0.14357299184730354,
         0.094944096433083269,
         0.094774842241214449,
         0.094774840268556926
      ],
      [
         0.061415514814991273,
         0.061415937417034876,
         0.061554632499403752,
         0.061415514814991273,
         0.061415514814991315,
         0.061415514815193917,
         0.065058975109159228,
         0.44347732552775782,
         0.061415555367877017,
         0.061415514818599415
      ],
      [
         0.097369429526660028,
         0.097369452686890914,
         0.12310215407203907,
         0.097369429526660028,
         0.097369429526660028,
         0.097369429527439669,
         0.097780951947938163,
         0.097530863606735435,
         0.097369430051826189,
         0.097369429527150539
      ],
      [
         0.090822847247859703,
         0.090823550576118073,
         0.096881928519659766,
         0.090822847247859703,
         0.090822847247859717,
         0.090822847248479263,
         0.17653458211532891,
         0.090822853558339578,
         0.090822848980210827,
         0.090822847258284545
      ],
      [
         0.072407621808173561,
         0.072407651129506714,
         0.34767489801753254,
         0.072407621808173561,
         0.072407621808173561,
         0.072407621808240993,
         0.07240997402144296,
         0.073061745877391823,
         0.07240762191298282,
         0.07240762180838145
      ],
      [
         0.091144439339494995,
         0.091144467947657751,
         0.17838534075950388,
         0.091144439339494995,
         0.091144439339495009,
         0.091144439341719619,
         0.092450298886058963,
         0.091153255021636778,
         0.091144440681226777,
         0.091144439343711206
      ],
      [
         0.067579255228143884,
         0.067579361653958545,
         0.071139374008259842,
         0.067579255228143884,
         0.067579255228144008,
         0.067579255232183735,
         0.38819440477615275,
         0.0676113223753185,
         0.067579261009408212,
         0.067579255260286575
      ],
      [
         0.092918724157444427,
         0.092919239100110698,
         0.12631706991511563,
         0.092918724157444427,
         0.092918724157444482,
         0.092918724158270502,
         0.093014450062888832,
         0.13023688409472672,
         0.092918736035817281,
         0.092918724160736973
      ],
      [
         0.099514705884394011,
         0.099514723640381816,
         0.10047857085446953,
         0.099514705884394011,
         0.099514705884394011,
         0.099514705884521604,
         0.099836600865712874,
         0.10308186698597176,
         0.099514708230514212,
         0.099514705885246219
      ],
      [
         0.095218337005193776,
         0.095218450925792633,
         0.14295197871460222,
         0.095218337005193776,
         0.095218337005193984,
         0.095218337027557984,
         0.09529455725874339,
         0.095224982114245182,
         0.095218345888586298,
         0.095218337054890939
      ],
      [
         0.064732219908565466,
         0.064732253370063594,
         0.064835603022798741,
         0.064732219908565466,
         0.064732219908565466,
         0.064732219908600563,
         0.41723311388060458,
         0.064805710075221762,
         0.064732220108002211,
         0.064732219909012192
      ],
      [
         0.093670647659572087,
         0.093670697095456182,
         0.099440008328567808,
         0.093670647659572087,
         0.093670647659572087,
         0.093670647659702094,
         0.094992813917415639,
         0.14987259370310205,
         0.093670648656974526,
         0.093670647660065443
      ],
      [
         0.099270806611767654,
         0.099271092044690173,
         0.10031129740503612,
         0.099270806611767654,
         0.099270806611767709,
         0.09927080661260472,
         0.10488021979439262,
         0.099912544224580249,
         0.099270813469472613,
         0.09927080661392039
      ],
      [
         0.094069344093487564,
         0.09406939090500864,
         0.1462488298004215,
         0.094069344093487564,
         0.094069344093487564,
         0.094069344093902482,
         0.097226473677212419,
         0.0980392403353956,
         0.094069344812589203,
         0.094069344095007293
      ],
      [
         0.099229235533246488,
         0.099229255301188354,
         0.1021117913552357,
         0.099229235533246488,
         0.099229235533246488,
         0.099229235534244051,
         0.10376815145747734,
         0.099515387501541652,
         0.09922923671607331,
         0.099229235534499999
      ],
      [
         0.098562998946924454,
         0.09856310710116313,
         0.099961382752664932,
         0.098562998946924454,
         0.098562998946924579,
         0.098562998954946621,
         0.11029499230575225,
         0.099802512612122279,
         0.098563010452863281,
         0.098562998979713892
      ],
      [
         0.091788338203916423,
         0.091788371765934573,
         0.09182400795897061,
         0.091788338203916423,
         0.091788338203916436,
         0.091788338205177289,
         0.14377888795219676,
         0.12187868633643481,
         0.091788354939976044,
         0.091788338229560812
      ],
      [
         0.076228965225840981,
         0.076229001408414862,
         0.30781310916249793,
         0.076228965225840981,
         0.076228965225840981,
         0.076228965226126572,
         0.076259619837708043,
         0.082324477728305201,
         0.076228965732448209,
         0.076228965226976267
      ],
      [
         0.098042868602466651,
         0.098042903651998067,
         0.10718021630226165,
         0.098042868602466651,
         0.098042868602466651,
         0.098042868602606664,
         0.10467558820165135,
         0.10184407990609425,
         0.098042868924220525,
         0.098042868603767472
      ],
      [
         0.087131211662900734,
         0.087131344842481653,
         0.11079857712270547,
         0.087131211662900734,
         0.087131211662900734,
         0.087131211663027217,
         0.087289386466146549,
         0.19199342110613926,
         0.087131212147383091,
         0.087131211663414587
      ],
      [
         0.095180839379305604,
         0.095180869211914029,
         0.095911845874088991,
         0.095180839379305604,
         0.095180839379305604,
         0.095180839379342241,
         0.14227089527181291,
         0.095551353270141928,
         0.095180839475367193,
         0.095180839379415946
      ],
      [
         0.096597722006863812,
         0.096597759706516059,
         0.10132998474372505,
         0.096597722006863812,
         0.096597722006863812,
         0.096597722006951117,
         0.10207808100021327,
         0.12040784234338235,
         0.096597722171591738,
         0.09659772200702893
      ],
      [
         0.098782984984467762,
         0.098783022694839143,
         0.099690662797572382,
         0.098782984984467762,
         0.098782984984467762,
         0.098782984984482944,
         0.10925224485747036,
         0.099576158509917662,
         0.098782986217714766,
         0.098782984984599448
      ],
      [
         0.098345183378942658,
         0.098345237524194162,
         0.10687271618389643,
         0.098345183378942658,
         0.098345183378942658,
         0.098345183379771967,
         0.1036186480416572,
         0.10109229738276798,
         0.09834518396940993,
         0.098345183381474438
      ],
      [
         0.069313719652209921,
         0.069313768212714413,
         0.069535174341597741,
         0.069313719652209921,
         0.069313719652209921,
         0.069313719652594266,
         0.37587289471067992,
         0.069395844251836869,
         0.069313720219576866,
         0.069313719654370207
      ],
      [
         0.081516739585091952,
         0.081516882238712063,
         0.089713986600257617,
         0.081516739585091952,
         0.08151673958509198,
         0.081516739588650911,
         0.2577783489086114,
         0.081890344161965042,
         0.081516740149316216,
         0.081516739597210883
      ],
      [
         0.071965196859267874,
         0.071965247984746905,
         0.074755340467535791,
         0.071965196859267874,
         0.071965196859267874,
         0.071965196859369876,
         0.34888234103392513,
         0.072605889015539646,
         0.071965197201011466,
         0.071965196860067748
      ],
      [
         0.060765574720171189,
         0.06076567986102821,
         0.10574212972635673,
         0.060765574720171189,
         0.060765574720171189,
         0.060765574720240995,
         0.060879960749316661,
         0.40801878113259815,
         0.060765574929679426,
         0.060765574720266252
      ],
      [
         0.092810387424414345,
         0.092810435822960738,
         0.16337310348591677,
         0.092810387424414345,
         0.092810387424414345,
         0.092810387424955898,
         0.093129717066458603,
         0.093824418872081025,
         0.092810387628847024,
         0.092810387425536822
      ],
      [
         0.096159018959179207,
         0.096159061929260423,
         0.096783851668414092,
         0.096159018959179207,
         0.096159018959179207,
         0.096159018959277975,
         0.12991908768351532,
         0.10018388472320303,
         0.096159019199312565,
         0.096159018959479037
      ],
      [
         0.097455350627675338,
         0.097455420615684546,
         0.11846676825015531,
         0.097455350627675338,
         0.097455350627675338,
         0.097455350627733306,
         0.10165029712018327,
         0.097695410135493793,
         0.097455350739653557,
         0.097455350628070092
      ],
      [
         0.078787602532875464,
         0.078787628067322979,
         0.07931046610786624,
         0.078787602532875464,
         0.078787602532875464,
         0.078787602532898737,
         0.29037996263986604,
         0.078796327891626924,
         0.078787602628853357,
         0.07878760253293933
      ],
      [
         0.060637415625809564,
         0.060637515295086035,
         0.070092840609064802,
         0.060637415625809564,
         0.060637415625809578,
         0.060637415626257969,
         0.060639276884224873,
         0.44480587216229173,
         0.060637416919201922,
         0.060637415626444036
      ]
   ],
   "output_training" : [
      [
         0.066924995186299144,
         0.066926995281756108,
         0.067100096041096166,
         0.066924995186299241,
         0.066924995186304126,
         0.066924995210542154,
         0.39749718465232298,
         0.066925622660715528,
         0.066925125244072819,
         0.066924995350591696
      ],
      [
         0.077558657954323609,
         0.077558697596657067,
         0.30063008734416419,
         0.077558657954323609,
         0.077558657954323609,
         0.077558657954764618,
         0.078691572082928332,
         0.07776769501583726,
         0.077558658187067336,
         0.077558657955610275
      ],
      [
         0.097441673109016747,
         0.097442061239051136,
         0.097732176145921418,
         0.097441673109016747,
         0.09744167310901683,
         0.097441673113306149,
         0.12219435253620116,
         0.097981361057919714,
         0.097441683457212103,
         0.097441673123338041
      ],
      [
         0.098502127365786604,
         0.098502145205421374,
         0.11265775576621714,
         0.098502127365786604,
         0.098502127365786604,
         0.098502127365938053,
         0.098649730399865423,
         0.099177604030525973,
         0.098502127768260159,
         0.098502127366412048
      ],
      [
         0.061591794684863407,
         0.06159182170033687,
         0.061928801703165233,
         0.061591794684863407,
         0.061591794684863407,
         0.061591794685066814,
         0.062307990164341062,
         0.44462061734337249,
         0.061591795661622387,
         0.061591794687504822
      ],
      [
         0.090402183168655045,
         0.090402269513463501,
         0.090774080129828419,
         0.090402183168655045,
         0.090402183168655045,
         0.09040218316866297,
         0.17531705202734923,
         0.10109349839080309,
         0.090402184094993759,
         0.090402183168933684
      ],
      [
         0.099360782838502387,
         0.099360914381384335,
         0.10525856999781842,
         0.099360782838502387,
         0.099360782838502387,
         0.099360782838910686,
         0.099815139304691367,
         0.099400677605255186,
         0.099360784514996858,
         0.099360782841435999
      ],
      [
         0.096799580965685153,
         0.096799594170989503,
         0.10111406851835214,
         0.096799580965685153,
         0.096799580965685153,
         0.096799580965832022,
         0.11816128508847815,
         0.10312756636480362,
         0.096799581028335038,
         0.096799580966154056
      ],
      [
         0.084998231785453307,
         0.084998320783255643,
         0.085332377236915988,
         0.084998231785453307,
         0.084998231785453307,
         0.084998231786035786,
         0.23466981127861863,
         0.0850100982347409,
         0.084998233533368425,
         0.084998231790704745
      ],
      [
         0.098905505240019259,
         0.098905601431714299,
         0.1073845166643068,
         0.098905505240019259,
         0.098905505240019259,
         0.098905505240086775,
         0.098950508745352106,
         0.10132633922543144,
         0.098905507732781589,
         0.098905505240269267
      ],
      [
         0.089376622147421064,
         0.089376726574470572,
         0.089783322895246681,
         0.089376622147421064,
         0.089376622147421078,
         0.089376622148268955,
         0.19516954608036841,
         0.089410668409756117,
         0.089376625294551607,
         0.089376622155074609
      ],
      [
         0.089278311914637393,
         0.089282930767626376,
         0.090547109702456385,
         0.089278311914637892,
         0.089278311914639502,
         0.089278311962369197,
         0.14613850427215319,
         0.13836156389597351,
         0.089278330630790548,
         0.089278313024715991
      ],
      [
         0.057145746953916693,
         0.057145797343426341,
         0.13191342770289199,
         0.057145746953916693,
         0.057145746953916693,
         0.057145746954012352,
         0.05714584523058213,
         0.41092044547540274,
         0.057145749475046387,
         0.057145746956888073
      ],
      [
         0.06027265683617293,
         0.060272992721684022,
         0.060466415127917013,
         0.06027265683617293,
         0.060272656836172958,
         0.060272656836511992,
         0.3503307727256586,
         0.16729387443921548,
         0.060272660788492534,
         0.060272656852001442
      ],
      [
         0.054010682065021132,
         0.054010749278279951,
         0.39821855012674123,
         0.054010682065021132,
         0.054010682065021132,
         0.054010682065475213,
         0.05401080218557331,
         0.1696958059475277,
         0.054010682136008042,
         0.054010682065331009
      ],
      [
         0.099623467975719512,
         0.099623505299841916,
         0.10127281149902945,
