{
   "errors_training" : [
      1.1101872334779317,
      1.1101872334672303,
      1.1101872334503666,
      1.1101872334273384,
      1.1101872333981484,
      1.1101872333627945,
      1.1101872333212772,
      1.1101872332735969,
      1.1101872332197533,
      1.110187233159746,
      1.110187233093576,
      1.1101872330212423,
      1.1101872329427447,
      1.110187232858086,
      1.1101872327672622,
      1.1101872326702764,
      1.110187232567126,
      1.1101872324578133,
      1.1101872323423367,
      1.1101872322206972,
      1.110187232092894,
      1.1101872319589281,
      1.1101872318187986,
      1.1101872316725059,
      1.1101872315200503,
      1.1101872313614307,
      1.1101872311966485,
      1.1101872310257037,
      1.1101872308485943,
      1.1101872306653218,
      1.110187230475886,
      1.1101872302802873,
      1.1101872300785247,
      1.1101872298706006,
      1.1101872296565116,
      1.1101872294362602,
      1.1101872292098447,
      1.1101872289772663,
      1.1101872287385246,
      1.1101872284936205,
      1.110187228242552,
      1.1101872279853213,
      1.1101872277219267,
      1.1101872274523685,
      1.1101872271766475,
      1.1101872268947628,
      1.110187226606715,
      1.1101872263125048,
      1.1101872260121304,
      1.1101872257055931,
      1.1101872253928917,
      1.1101872250740277,
      1.110187224749001,
      1.1101872244178108,
      1.110187224080456,
      1.1101872237369399,
      1.1101872233872598,
      1.1101872230314163,
      1.1101872226694096,
      1.1101872223012395,
      1.110187221926906,
      1.1101872215464097,
      1.1101872211597503,
      1.1101872207669272,
      1.110187220367941,
      1.1101872199627913,
      1.1101872195514781,
      1.1101872191340021,
      1.110187218710363,
      1.1101872182805606,
      1.1101872178445946,
      1.1101872174024658,
      1.1101872169541731,
      1.1101872164997177,
      1.1101872160390991,
      1.1101872155723169,
      1.1101872150993712,
      1.1101872146202623,
      1.1101872141349913,
      1.1101872136435553,
      1.1101872131459569,
      1.1101872126421957,
      1.1101872121322707,
      1.1101872116161826,
      1.110187211093931,
      1.1101872105655168,
      1.1101872100309387,
      1.1101872094901986,
      1.1101872089432929,
      1.1101872083902258,
      1.1101872078309951,
      1.1101872072656005,
      1.1101872066940437,
      1.1101872061163227,
      1.1101872055324391,
      1.110187204942392,
      1.1101872043461813,
      1.1101872037438072,
      1.1101872031352706,
      1.1101872025205706
   ],
   "errors_validation" : [
      1.0936527911433815,
      1.0936527911381146,
      1.0936527911287075,
      1.0936527911151595,
      1.0936527910974714,
      1.0936527910756426,
      1.0936527910496734,
      1.0936527910195637,
      1.0936527909853133,
      1.0936527909469225,
      1.0936527909043912,
      1.0936527908577196,
      1.0936527908069074,
      1.0936527907519549,
      1.0936527906928617,
      1.0936527906296278,
      1.0936527905622535,
      1.0936527904907394,
      1.0936527904150843,
      1.0936527903352884,
      1.0936527902513524,
      1.093652790163276,
      1.0936527900710586,
      1.0936527899747015,
      1.093652789874203,
      1.0936527897695647,
      1.0936527896607859,
      1.093652789547866,
      1.0936527894308061,
      1.0936527893096057,
      1.0936527891842649,
      1.0936527890547831,
      1.0936527889211614,
      1.0936527887833991,
      1.0936527886414962,
      1.0936527884954523,
      1.0936527883452689,
      1.0936527881909444,
      1.0936527880324793,
      1.0936527878698743,
      1.0936527877031283,
      1.0936527875322422,
      1.0936527873572155,
      1.0936527871780479,
      1.0936527869947403,
      1.0936527868072921,
      1.0936527866157033,
      1.0936527864199743,
      1.0936527862201046,
      1.0936527860160943,
      1.0936527858079437,
      1.0936527855956524,
      1.0936527853792208,
      1.0936527851586488,
      1.0936527849339359,
      1.093652784705083,
      1.0936527844720894,
      1.0936527842349553,
      1.0936527839936809,
      1.0936527837482657,
      1.0936527834987104,
      1.0936527832450145,
      1.0936527829871778,
      1.0936527827252009,
      1.0936527824590836,
      1.0936527821888256,
      1.0936527819144275,
      1.0936527816358883,
      1.0936527813532091,
      1.0936527810663892,
      1.0936527807754288,
      1.0936527804803282,
      1.0936527801810867,
      1.0936527798777052,
      1.0936527795701827,
      1.0936527792585202,
      1.0936527789427168,
      1.0936527786227732,
      1.0936527782986891,
      1.0936527779704648,
      1.0936527776380993,
      1.0936527773015938,
      1.0936527769609479,
      1.0936527766161612,
      1.0936527762672341,
      1.093652775914167,
      1.0936527755569589,
      1.0936527751956104,
      1.0936527748301217,
      1.0936527744604922,
      1.0936527740867221,
      1.093652773708812,
      1.0936527733267611,
      1.0936527729405701,
      1.0936527725502383,
      1.0936527721557661,
      1.0936527717571534,
      1.0936527713544,
      1.0936527709475066,
      1.0936527705364725
   ],
   "output_model_softmax_validation" : [
      [ 0.3766901805959324, 0.27844826136064904, 0.34486155804341856 ],
      [ 0.37489861613563269, 0.28061591032056549, 0.34448547354380188 ],
      [ 0.37622629046334638, 0.27924386277749635, 0.34452984675915721 ],
      [ 0.37474055161875208, 0.28105616943041289, 0.34420327895083502 ],
      [ 0.37604917342790428, 0.27986634394716386, 0.34408448262493185 ],
      [ 0.37603845393739227, 0.27910920012259799, 0.34485234594000974 ],
      [ 0.37565591766451345, 0.27995029888982698, 0.34439378344565957 ],
      [ 0.37650344307609368, 0.27856896273088777, 0.34492759419301849 ],
      [ 0.37573472386980994, 0.28038025566558639, 0.34388502046460362 ],
      [ 0.37607286199960172, 0.27955734906769442, 0.34436978893270381 ],
      [ 0.37596742780916115, 0.27935910421011451, 0.34467346798072429 ],
      [ 0.37607811918605494, 0.27975085702546065, 0.34417102378848441 ],
      [ 0.37492639074342632, 0.28047123289478337, 0.34460237636179025 ],
      [ 0.37587468188174417, 0.27968075137075726, 0.34444456674749863 ],
      [ 0.37652036179117188, 0.27852423651892583, 0.3449554016899023 ]
   ]
}
