{
   "errors_training" : [
      2.3784595819700303,
      2.3449317793124904,
      2.3161638717273103,
      2.279577187480951,
      2.2371797444350499,
      2.1987997301325919,
      2.1627691656597308,
      2.1313467551118239,
      2.10739014858052,
      2.0932100413420072,
      2.0869110129583772,
      2.0841788581911778,
      2.0830339129225348,
      2.0820993134388286,
      2.081040893537772,
      2.0797284078023512,
      2.079105017543978,
      2.0780722494574548,
      2.0768960671230383,
      2.0760962579542488,
      2.0755188441337475,
      2.0754486101924536,
      2.0754406549158575,
      2.0751626225867299,
      2.0749608941115718,
      2.0742884523447076,
      2.0733346306489429,
      2.0724018920365137,
      2.0716401830677085,
      2.0710265621970918,
      2.0707072913018658,
      2.0706236436548831,
      2.0705075985900803,
      2.0705377590964344,
      2.0704148362671968,
      2.0702014361402656,
      2.0697369011515407,
      2.0686613519616333,
      2.0671245643888465,
      2.0654172255050334,
      2.0637509262975828,
      2.0621868507305843,
      2.06106535052818,
      2.0605433106472217,
      2.0606353531813348,
      2.0610882680198701,
      2.0616556710700435,
      2.0618766991076027,
      2.0620550870067662,
      2.0619313623986497,
      2.061596221380757,
      2.0612237772524429,
      2.0605475075324335,
      2.0600866099256225,
      2.0599094005093108,
      2.0598075070613948,
      2.0597914898391032,
      2.0596643317728645,
      2.0593172048396684,
      2.0586578717035695,
      2.057455513962501,
      2.055715207263205,
      2.0535170792069981,
      2.0509911196789137,
      2.0483553599600484,
      2.0457978012775211,
      2.0436921515107307,
      2.0423224284696966,
      2.0416009356934173,
      2.0411559541685298,
      2.040645803636767,
      2.0398207528993733,
      2.0385509213569386,
      2.0369180983412503,
      2.0351927492218724,
      2.033954558951927,
      2.0335618342600559,
      2.0339658465525194,
      2.0351858874559925,
      2.0366683709676838,
      2.0377057908313554,
      2.0376696611442009,
      2.036553802250415,
      2.0345284688026837,
      2.0321061374612293,
      2.0297721586530404,
      2.0280892248263527,
      2.027125580318359,
      2.0265534762628841,
      2.0256578391115476,
      2.0238157203312195,
      2.0210389104507325,
      2.0179598453678578,
      2.0158964606057994,
      2.0151145034320397,
      2.0153760555113416,
      2.0158310390647149,
      2.0156953340182824,
      2.0144513364969279,
      2.011986523143952,
      2.0087041347436552,
      2.005362293301582,
      2.0030125046523919,
      2.002008806375688,
      2.0019428958166476,
      2.0017250445301418,
      2.0003445191161,
      1.9982139883323036,
      1.9964815814605308,
      1.9961621776038236,
      1.99700334295705,
      1.9982584584171772,
      1.9986977032589186,
      1.9974133153651283,
      1.99413272472424,
      1.9897250620207116,
      1.9853960287641599,
      1.9822351515222028,
      1.9808105530008513,
      1.9799540764975267,
      1.978228479431841,
      1.9749594560510055,
      1.9712263709128677,
      1.9690272833047464,
      1.9685450544907452,
      1.9687565401630569,
      1.9682140699896598,
      1.9658079086562912,
      1.9619392745160518,
      1.9587786638486924,
      1.9565812099395699,
      1.9556242613128287,
      1.9554651519622028,
      1.9548821459603052,
      1.9544668930193079,
      1.9541590260894084,
      1.9540165151054973,
      1.9541004674744524,
      1.9542535780351429,
      1.954304863860381,
      1.9540589978538743,
      1.9536431151179703,
      1.9531096624371922,
      1.9525536696600756,
      1.9522017894589365,
      1.9520482165537958,
      1.951930564366666,
      1.9516356456078292,
      1.9512339545831365,
      1.951099323358767,
      1.9510175010106685,
      1.9509780013758693,
      1.9509641157392481,
      1.9509463837653622,
      1.950913839081172,
      1.9508703650308743,
      1.9508108272319533,
      1.9507818869831535,
      1.9507379176892221,
      1.9506936039546199,
      1.9506616525398142,
      1.950614015177476,
      1.9505481852861617,
      1.9504568667635802,
      1.9503405529937536,
      1.9502216379101451,
      1.9500842269435452,
      1.9500522896976089,
      1.9500131760336252,
      1.9499720330126431,
      1.9499114863588554,
      1.9498248571648797,
      1.94971332016453,
      1.94960367333357,
      1.9494770282911964,
      1.949444180769359,
      1.9494049725779756,
      1.9493665745810327,
      1.9493104469316533,
      1.9492788381203159,
      1.9492390368111066,
      1.9492002988788659,
      1.949143808586085,
      1.9491107979922213,
      1.9490698058192699,
      1.9490049669522482,
      1.9489165449967782,
      1.9488544785309923,
      1.9487831787484959,
      1.9487057472449749,
      1.9486176423524408,
      1.9485761586685175,
      1.9485161247840179,
      1.9484828967641599,
      1.948442571909484,
      1.9484034152639029,
      1.9483463961618939,
      1.9482651112292257,
      1.9481602707410148,
      1.9481144106565182
   ],
   "errors_validation" : [
      2.3488667004844679,
      2.319312356610526,
      2.2941409253539113,
      2.2622170962129498,
      2.22600772499676,
      2.1940530010337729,
      2.1657144319155313,
      2.1426546005712557,
      2.1281978047789676,
      2.1232209436482035,
      2.125563518552477,
      2.1313025580684655,
      2.1385012653771396,
      2.1422366289441088,
      2.1404646641306542,
      2.1357002121511228,
      2.1320444085181438,
      2.1292595262338141,
      2.1262630434608369,
      2.123884426029258,
      2.1223705125667491,
      2.1207761818530075,
      2.1188757399756932,
      2.1175835915417336,
      2.1152810793116932,
      2.1125076764453268,
      2.1097208378165586,
      2.1068460734799901,
      2.1037114693274326,
      2.1011970430396842,
      2.0987899412099829,
      2.0957857386046168,
      2.0931587477802487,
      2.0915856063118317,
      2.0905306319419306,
      2.0895434421854682,
      2.0889363973717963,
      2.0882086703198683,
      2.0876198266799597,
      2.08721063452453,
      2.0870492658730511,
      2.0873659157028155,
      2.0880469366943286,
      2.0883555477507731,
      2.0879214859062172,
      2.0873974866475145,
      2.0873996802383075,
      2.0877036742901027,
      2.0878370271934799,
      2.0877533172842333,
      2.0869731311092465,
      2.0861668636662136,
      2.0855204803997847,
      2.0850961592691299,
      2.0843286039172209,
      2.083971493196128,
      2.0842429436268026,
      2.0849425091074858,
      2.0856626132768197,
      2.0865077856222713,
      2.0872593896901122,
      2.0881681262522629,
      2.0895800897712533,
      2.0911038547505747,
      2.0927622010085081,
      2.0948013170498379,
      2.0970455714940774,
      2.0995115216083065,
      2.1019880816566974,
      2.1042215080516184,
      2.1058198290180981,
      2.1063365769448268,
      2.1056012541722788,
      2.103734729158333,
      2.1007961247136331,
      2.0975136072438012,
      2.0940004450306335,
      2.0909035063438237,
      2.0884833443618054,
      2.0867959323531426,
      2.08519173492695,
      2.084083170763166,
      2.0829672927432243,
      2.0823314301523692,
      2.082575498483318,
      2.0839115166212063,
      2.0864391871564392,
      2.0891983098723932,
      2.0921060776021378,
      2.0939237381687392,
      2.0938043075767729,
      2.0923508854896342,
      2.0905449778005298,
      2.0884065275521397,
      2.0866041709078806,
      2.0868170336704051,
      2.0885690844038707,
      2.090275416361985,
      2.0914082071001623,
      2.0918979844476038,
      2.0920073508705261,
      2.0926789458656487,
      2.0948149424772984,
      2.0967145575979647,
      2.0984032855546042,
      2.0982975250834444,
      2.0951250953769542,
      2.0894098076757652,
      2.0829909499269497,
      2.0777645432606691,
      2.0749585818415364,
      2.0741009233153695,
      2.073417030429634,
      2.0731120904595937,
      2.0730297045157675,
      2.0737458473068244,
      2.0754799439470735,
      2.080043830972135,
      2.0864267949868824,
      2.0919535323162242,
      2.0951965006991387,
      2.0954571740534087,
      2.0941148589559933,
      2.0921440706771652,
      2.0921136919268846,
      2.0914651416780323,
      2.0906123006815718,
      2.088599072168253,
      2.0858224601155335,
      2.0851798981449061,
      2.086051621305447,
      2.0873019624278357,
      2.0892204449520704,
      2.0878434031032689,
      2.0867156637554074,
      2.0856525403036397,
      2.0846463371513408,
      2.0835116914850094,
      2.0828835986222534,
      2.0827331152069601,
      2.0829954392961172,
      2.0835381596317082,
      2.0844037952948788,
      2.0856532215051784,
      2.0869658984879758,
      2.0880396262476606,
      2.0888386129525762,
      2.0891177797717728,
      2.0889256853924256,
      2.0882709779033761,
      2.0876989647390385,
      2.0872652579349906,
      2.0866909884520646,
      2.0866434021863038,
      2.0866100325853032,
      2.086629566853607,
      2.0866373965422658,
      2.086620001512681,
      2.0866086053002628,
      2.0866080734972674,
      2.0866001286463201,
      2.0865867927778585,
      2.0865794806175995,
      2.0865899758592747,
      2.08661595455778,
      2.0866282664686358,
      2.0866406475305164,
      2.0866467346780082,
      2.0866553651170436,
      2.0866601404075795,
      2.0866718572344927,
      2.0867037473349281,
      2.0867422923780752,
      2.0867546654654907,
      2.0867640266601333,
      2.0867888146483788,
      2.0868088905206474,
      2.0868087523121326,
      2.0868080109844858,
      2.0868167309894172,
      2.0868395491444218,
      2.0868395095974761,
      2.0868369991767102,
      2.0868612807966156,
      2.0868808115910058,
      2.0869034281827767,
      2.0869262769606118,
      2.0869564615792244,
      2.0869856245524514,
      2.0870227719592442,
      2.0870619909964208,
      2.0870407147431784,
      2.0870265165399218,
      2.087053260149208,
      2.087084643869741,
      2.0870917736526482,
      2.0870975010343025,
      2.0871146047062661,
      2.087140872225099,
      2.0871785168885326
   ],
   "output_testing" : [
      [
         0.044310732424700371,
         0.059866924477821673,
         0.044310732424700371,
         0.044310732424700371,
         0.044310732424700371,
         0.044310732424700371,
         0.58564721612457538,
         0.044310732424700371,
         0.044310732424700371,
         0.044310732424700371
      ],
      [
         0.091148386029046471,
         0.14715927852220939,
         0.091148386029046471,
         0.091148386029046471,
         0.091148386029046471,
         0.091148386029046471,
         0.12365363324541873,
         0.091148386029046471,
         0.091148386029046471,
         0.091148386029046471
      ],
      [
         0.089604315037258978,
         0.19356116466466924,
         0.089604315037258978,
         0.089604315037258978,
         0.089604315037258978,
         0.089604315037258978,
         0.089604315037258978,
         0.089604315037258978,
         0.089604315037258978,
         0.089604315037258978
      ],
      [
         0.098566354534687803,
         0.11290280918780982,
         0.098566354534687803,
         0.098566354534687803,
         0.098566354534687803,
         0.098566354534687803,
         0.098566354534687803,
         0.098566354534687803,
         0.098566354534687803,
         0.098566354534687803
      ],
      [
         0.087421854883061118,
         0.11969512133342268,
         0.087421854883061118,
         0.087421854883061118,
         0.087421854883061118,
         0.087421854883061118,
         0.18093003960208839,
         0.087421854883061118,
         0.087421854883061118,
         0.087421854883061118
      ],
      [
         0.10000000000000001,
         0.10000000000000001,
         0.10000000000000001,
         0.10000000000000001,
         0.10000000000000001,
         0.10000000000000001,
         0.10000000000000001,
         0.10000000000000001,
         0.10000000000000001,
         0.10000000000000001
      ],
      [
         0.10000000000000001,
         0.10000000000000001,
         0.10000000000000001,
         0.10000000000000001,
         0.10000000000000001,
         0.10000000000000001,
         0.10000000000000001,
         0.10000000000000001,
         0.10000000000000001,
         0.10000000000000001
      ],
      [
         0.10000000000000001,
         0.10000000000000001,
         0.10000000000000001,
         0.10000000000000001,
         0.10000000000000001,
         0.10000000000000001,
         0.10000000000000001,
         0.10000000000000001,
         0.10000000000000001,
         0.10000000000000001
      ],
      [
         0.097340831986264892,
         0.097340831986264892,
         0.097340831986264892,
         0.097340831986264892,
         0.097340831986264892,
         0.097340831986264892,
         0.12393251212361607,
         0.097340831986264892,
         0.097340831986264892,
         0.097340831986264892
      ],
      [
         0.095839787198039109,
         0.095839787198039109,
         0.095839787198039109,
         0.095839787198039109,
         0.095839787198039109,
         0.095839787198039109,
         0.13744191521764815,
         0.095839787198039109,
         0.095839787198039109,
         0.095839787198039109
      ],
      [
         0.10000000000000001,
         0.10000000000000001,
         0.10000000000000001,
         0.10000000000000001,
         0.10000000000000001,
         0.10000000000000001,
         0.10000000000000001,
         0.10000000000000001,
         0.10000000000000001,
         0.10000000000000001
      ],
      [
         0.098979333065974021,
         0.098979333065974021,
         0.098979333065974021,
         0.098979333065974021,
         0.098979333065974021,
         0.098979333065974021,
         0.10918600240623383,
         0.098979333065974021,
         0.098979333065974021,
         0.098979333065974021
      ],
      [
         0.10000000000000001,
         0.10000000000000001,
         0.10000000000000001,
         0.10000000000000001,
         0.10000000000000001,
         0.10000000000000001,
         0.10000000000000001,
         0.10000000000000001,
         0.10000000000000001,
         0.10000000000000001
      ],
      [
         0.073577508681169093,
         0.10751452130570231,
         0.073577508681169093,
         0.073577508681169093,
         0.073577508681169093,
         0.073577508681169093,
         0.30386540924494482,
         0.073577508681169093,
         0.073577508681169093,
         0.073577508681169093
      ],
      [
         0.091085267932985048,
         0.18023258860313462,
         0.091085267932985048,
         0.091085267932985048,
         0.091085267932985048,
         0.091085267932985048,
         0.091085267932985048,
         0.091085267932985048,
         0.091085267932985048,
         0.091085267932985048
      ],
      [
         0.087622321304174772,
         0.17191034846568004,
         0.087622321304174772,
         0.087622321304174772,
         0.087622321304174772,
         0.087622321304174772,
         0.12711108110092162,
         0.087622321304174772,
         0.087622321304174772,
         0.087622321304174772
      ],
      [
         0.099884567076108585,
         0.099884567076108585,
         0.099884567076108585,
         0.099884567076108585,
         0.099884567076108585,
         0.099884567076108585,
         0.10103889631502269,
         0.099884567076108585,
         0.099884567076108585,
         0.099884567076108585
      ],
      [
         0.090817084842687273,
         0.090817084842687273,
         0.090817084842687273,
         0.090817084842687273,
         0.090817084842687273,
         0.090817084842687273,
         0.1826462364158144,
         0.090817084842687273,
         0.090817084842687273,
         0.090817084842687273
      ],
      [
         0.045714640304125552,
         0.58856823726287,
         0.045714640304125552,
         0.045714640304125552,
         0.045714640304125552,
         0.045714640304125552,
         0.045714640304125552,
         0.045714640304125552,
         0.045714640304125552,
         0.045714640304125552
      ],
      [
         0.086731701124139152,
         0.16713033749264411,
         0.086731701124139152,
         0.086731701124139152,
         0.086731701124139152,
         0.086731701124139152,
         0.1390160535142427,
         0.086731701124139152,
         0.086731701124139152,
         0.086731701124139152
      ],
      [
         0.074094508610171902,
         0.33314942250845292,
         0.074094508610171902,
         0.074094508610171902,
         0.074094508610171902,
         0.074094508610171902,
         0.074094508610171902,
         0.074094508610171902,
         0.074094508610171902,
         0.074094508610171902
      ],
      [
         0.08591990623998072,
         0.18225535077864394,
         0.08591990623998072,
         0.08591990623998072,
         0.08591990623998072,
         0.08591990623998072,
         0.13038539930151025,
         0.08591990623998072,
         0.08591990623998072,
         0.08591990623998072
      ],
      [
         0.075032986343069596,
         0.32352344539824857,
         0.075032986343069596,
         0.075032986343069596,
         0.075032986343069596,
         0.075032986343069596,
         0.076212663857194773,
         0.075032986343069596,
         0.075032986343069596,
         0.075032986343069596
      ],
      [
         0.09560530236600473,
         0.13955227870595746,
         0.09560530236600473,
         0.09560530236600473,
         0.09560530236600473,
         0.09560530236600473,
         0.09560530236600473,
         0.09560530236600473,
         0.09560530236600473,
         0.09560530236600473
      ],
      [
         0.085753635251090241,
         0.20074862560689577,
         0.085753635251090241,
         0.085753635251090241,
         0.085753635251090241,
         0.085753635251090241,
         0.11322229238438229,
         0.085753635251090241,
         0.085753635251090241,
         0.085753635251090241
      ],
      [
         0.091782359452955417,
         0.15057649235606402,
         0.091782359452955417,
         0.091782359452955417,
         0.091782359452955417,
         0.091782359452955417,
         0.1151646320202927,
         0.091782359452955417,
         0.091782359452955417,
         0.091782359452955417
      ],
      [
         0.097736059165913214,
         0.12037546750678102,
         0.097736059165913214,
         0.097736059165913214,
         0.097736059165913214,
         0.097736059165913214,
         0.097736059165913214,
         0.097736059165913214,
         0.097736059165913214,
         0.097736059165913214
      ],
      [
         0.049453281847972382,
         0.049453281847972382,
         0.049453281847972382,
         0.049453281847972382,
         0.049453281847972382,
         0.049453281847972382,
         0.55492046336824852,
         0.049453281847972382,
         0.049453281847972382,
         0.049453281847972382
      ],
      [
         0.078546506834126784,
         0.19632818830275675,
         0.078546506834126784,
         0.078546506834126784,
         0.078546506834126784,
         0.078546506834126784,
         0.17529975702422892,
         0.078546506834126784,
         0.078546506834126784,
         0.078546506834126784
      ],
      [
         0.10000000000000001,
         0.10000000000000001,
         0.10000000000000001,
         0.10000000000000001,
         0.10000000000000001,
         0.10000000000000001,
         0.10000000000000001,
         0.10000000000000001,
         0.10000000000000001,
         0.10000000000000001
      ],
      [
         0.09349028093833632,
         0.09349028093833632,
         0.09349028093833632,
         0.09349028093833632,
         0.09349028093833632,
         0.09349028093833632,
         0.15858747155497299,
         0.09349028093833632,
         0.09349028093833632,
         0.09349028093833632
      ],
      [
         0.098905913160476547,
         0.098905913160476547,
         0.098905913160476547,
         0.098905913160476547,
         0.098905913160476547,
         0.098905913160476547,
         0.10984678155571097,
         0.098905913160476547,
         0.098905913160476547,
         0.098905913160476547
      ],
      [
         0.072285494505481468,
         0.14488547475154145,
         0.072285494505481468,
         0.072285494505481468,
         0.072285494505481468,
         0.072285494505481468,
         0.27683056920460686,
         0.072285494505481468,
         0.072285494505481468,
         0.072285494505481468
      ],
      [
         0.084428113472925045,
         0.12086583417585182,
         0.084428113472925045,
         0.084428113472925045,
         0.084428113472925045,
         0.084428113472925045,
         0.20370925804074785,
         0.084428113472925045,
         0.084428113472925045,
         0.084428113472925045
      ],
      [
         0.10000000000000001,
         0.10000000000000001,
         0.10000000000000001,
         0.10000000000000001,
         0.10000000000000001,
         0.10000000000000001,
         0.10000000000000001,
         0.10000000000000001,
         0.10000000000000001,
         0.10000000000000001
      ],
      [
         0.10000000000000001,
         0.10000000000000001,
         0.10000000000000001,
         0.10000000000000001,
         0.10000000000000001,
         0.10000000000000001,
         0.10000000000000001,
         0.10000000000000001,
         0.10000000000000001,
         0.10000000000000001
      ],
      [
         0.099033745716956445,
         0.10869628854739195,
         0.099033745716956445,
         0.099033745716956445,
         0.099033745716956445,
         0.099033745716956445,
         0.099033745716956445,
         0.099033745716956445,
         0.099033745716956445,
         0.099033745716956445
      ],
      [
         0.099068123527082552,
         0.10838688825625702,
         0.099068123527082552,
         0.099068123527082552,
         0.099068123527082552,
         0.099068123527082552,
         0.099068123527082552,
         0.099068123527082552,
         0.099068123527082552,
         0.099068123527082552
      ],
      [
         0.097393429720991964,
         0.10226110087384192,
         0.097393429720991964,
         0.097393429720991964,
         0.097393429720991964,
         0.097393429720991964,
         0.11859146135822228,
         0.097393429720991964,
         0.097393429720991964,
         0.097393429720991964
      ],
      [
         0.086421769072837565,
         0.11631236356108522,
         0.086421769072837565,
         0.086421769072837565,
         0.086421769072837565,
         0.086421769072837565,
         0.19231348385621425,
         0.086421769072837565,
         0.086421769072837565,
         0.086421769072837565
      ],
      [
         0.093586501159278399,
         0.093586501159278399,
         0.093586501159278399,
         0.093586501159278399,
         0.093586501159278399,
         0.093586501159278399,
         0.15772148956649451,
         0.093586501159278399,
         0.093586501159278399,
         0.093586501159278399
      ],
      [
         0.096335847228092311,
         0.13297737494716919,
         0.096335847228092311,
         0.096335847228092311,
         0.096335847228092311,
         0.096335847228092311,
         0.096335847228092311,
         0.096335847228092311,
         0.096335847228092311,
         0.096335847228092311
      ],
      [
         0.066266901587538618,
         0.40359788571215244,
         0.066266901587538618,
         0.066266901587538618,
         0.066266901587538618,
         0.066266901587538618,
         0.066266901587538618,
         0.066266901587538618,
         0.066266901587538618,
         0.066266901587538618
      ],
      [
         0.091421373260063235,
         0.091421373260063235,
         0.091421373260063235,
         0.091421373260063235,
         0.091421373260063235,
         0.091421373260063235,
         0.17720764065943084,
         0.091421373260063235,
         0.091421373260063235,
         0.091421373260063235
      ],
      [
         0.099368394359144047,
         0.099368394359144047,
         0.099368394359144047,
         0.099368394359144047,
         0.099368394359144047,
         0.099368394359144047,
         0.10568445076770358,
         0.099368394359144047,
         0.099368394359144047,
         0.099368394359144047
      ],
      [
         0.10000000000000001,
         0.10000000000000001,
         0.10000000000000001,
         0.10000000000000001,
         0.10000000000000001,
         0.10000000000000001,
         0.10000000000000001,
         0.10000000000000001,
         0.10000000000000001,
         0.10000000000000001
      ],
      [
         0.10000000000000001,
         0.10000000000000001,
         0.10000000000000001,
         0.10000000000000001,
         0.10000000000000001,
         0.10000000000000001,
         0.10000000000000001,
         0.10000000000000001,
         0.10000000000000001,
         0.10000000000000001
      ],
      [
         0.095430357079947542,
         0.14112678628047207,
         0.095430357079947542,
         0.095430357079947542,
         0.095430357079947542,
         0.095430357079947542,
         0.095430357079947542,
         0.095430357079947542,
         0.095430357079947542,
         0.095430357079947542
      ],
      [
         0.090531197605163399,
         0.18521922155352941,
         0.090531197605163399,
         0.090531197605163399,
         0.090531197605163399,
         0.090531197605163399,
         0.090531197605163399,
         0.090531197605163399,
         0.090531197605163399,
         0.090531197605163399
      ],
      [
         0.079769021423750933,
         0.22781115883293138,
         0.079769021423750933,
         0.079769021423750933,
         0.079769021423750933,
         0.079769021423750933,
         0.13403666977706113,
         0.079769021423750933,
         0.079769021423750933,
         0.079769021423750933
      ],
      [
         0.10000000000000001,
         0.10000000000000001,
         0.10000000000000001,
         0.10000000000000001,
         0.10000000000000001,
         0.10000000000000001,
         0.10000000000000001,
         0.10000000000000001,
         0.10000000000000001,
         0.10000000000000001
      ],
      [
         0.087315329414535139,
         0.21416203526918373,
         0.087315329414535139,
         0.087315329414535139,
         0.087315329414535139,
         0.087315329414535139,
         0.087315329414535139,
         0.087315329414535139,
         0.087315329414535139,
         0.087315329414535139
      ],
      [
         0.09674050436926783,
         0.09674050436926783,
         0.09674050436926783,
         0.09674050436926783,
         0.09674050436926783,
         0.09674050436926783,
         0.1293354606765896,
         0.09674050436926783,
         0.09674050436926783,
         0.09674050436926783
      ],
      [
         0.10000000000000001,
         0.10000000000000001,
         0.10000000000000001,
         0.10000000000000001,
         0.10000000000000001,
         0.10000000000000001,
         0.10000000000000001,
         0.10000000000000001,
         0.10000000000000001,
         0.10000000000000001
      ],
      [
         0.10000000000000001,
         0.10000000000000001,
         0.10000000000000001,
         0.10000000000000001,
         0.10000000000000001,
         0.10000000000000001,
         0.10000000000000001,
         0.10000000000000001,
         0.10000000000000001,
         0.10000000000000001
      ],
      [
         0.094633893840702296,
         0.14829495543367927,
         0.094633893840702296,
         0.094633893840702296,
         0.094633893840702296,
         0.094633893840702296,
         0.094633893840702296,
         0.094633893840702296,
         0.094633893840702296,
         0.094633893840702296
      ],
      [
         0.09890906023066702,
         0.09890906023066702,
         0.09890906023066702,
         0.09890906023066702,
         0.09890906023066702,
         0.09890906023066702,
         0.10981845792399678,
         0.09890906023066702,
         0.09890906023066702,
         0.09890906023066702
      ],
      [
         0.089657950388067315,
         0.089657950388067315,
         0.089657950388067315,
         0.089657950388067315,
         0.089657950388067315,
         0.089657950388067315,
         0.19307844650739417,
         0.089657950388067315,
         0.089657950388067315,
         0.089657950388067315
      ],
      [
         0.10000000000000001,
         0.10000000000000001,
         0.10000000000000001,
         0.10000000000000001,
         0.10000000000000001,
         0.10000000000000001,
         0.10000000000000001,
         0.10000000000000001,
         0.10000000000000001,
         0.10000000000000001
      ],
      [
         0.081753399122631215,
         0.081753399122631215,
         0.081753399122631215,
         0.081753399122631215,
         0.081753399122631215,
         0.081753399122631215,
         0.26421940789631915,
         0.081753399122631215,
         0.081753399122631215,
         0.081753399122631215
      ],
      [
         0.091774187397235918,
         0.12931130271487892,
         0.091774187397235918,
         0.091774187397235918,
         0.091774187397235918,
         0.091774187397235918,
         0.13649519810723376,
         0.091774187397235918,
         0.091774187397235918,
         0.091774187397235918
      ],
      [
         0.09566851097142974,
         0.098079032244394779,
         0.09566851097142974,
         0.09566851097142974,
         0.09566851097142974,
         0.09566851097142974,
         0.13657287998416728,
         0.09566851097142974,
         0.09566851097142974,
         0.09566851097142974
      ],
      [
         0.099279185786002241,
         0.099279185786002241,
         0.099279185786002241,
         0.099279185786002241,
         0.099279185786002241,
         0.099279185786002241,
         0.10648732792597981,
         0.099279185786002241,
         0.099279185786002241,
         0.099279185786002241
      ],
      [
         0.087524131494167892,
         0.21228281655248885,
         0.087524131494167892,
         0.087524131494167892,
         0.087524131494167892,
         0.087524131494167892,
         0.087524131494167892,
         0.087524131494167892,
         0.087524131494167892,
         0.087524131494167892
      ],
      [
         0.098023231361297383,
         0.11779091774832355,
         0.098023231361297383,
         0.098023231361297383,
         0.098023231361297383,
         0.098023231361297383,
         0.098023231361297383,
         0.098023231361297383,
         0.098023231361297383,
         0.098023231361297383
      ],
      [
         0.10000000000000001,
         0.10000000000000001,
         0.10000000000000001,
         0.10000000000000001,
         0.10000000000000001,
         0.10000000000000001,
         0.10000000000000001,
         0.10000000000000001,
         0.10000000000000001,
         0.10000000000000001
      ],
      [
         0.10000000000000001,
         0.10000000000000001,
         0.10000000000000001,
         0.10000000000000001,
         0.10000000000000001,
         0.10000000000000001,
         0.10000000000000001,
         0.10000000000000001,
         0.10000000000000001,
         0.10000000000000001
      ],
      [
         0.098364105109478767,
         0.1147230540146911,
         0.098364105109478767,
         0.098364105109478767,
         0.098364105109478767,
         0.098364105109478767,
         0.098364105109478767,
         0.098364105109478767,
         0.098364105109478767,
         0.098364105109478767
      ],
      [
         0.094034898804090619,
         0.15368591076318436,
         0.094034898804090619,
         0.094034898804090619,
         0.094034898804090619,
         0.094034898804090619,
         0.094034898804090619,
         0.094034898804090619,
         0.094034898804090619,
         0.094034898804090619
      ],
      [
         0.082537003416948376,
         0.082537003416948376,
         0.082537003416948376,
         0.082537003416948376,
         0.082537003416948376,
         0.082537003416948376,
         0.25716696924746457,
         0.082537003416948376,
         0.082537003416948376,
         0.082537003416948376
      ],
      [
         0.090407337995173323,
         0.090407337995173323,
         0.090407337995173323,
         0.090407337995173323,
         0.090407337995173323,
         0.090407337995173323,
         0.18633395804344008,
         0.090407337995173323,
         0.090407337995173323,
         0.090407337995173323
      ],
      [
         0.076128333572206816,
         0.13520234696122041,
         0.076128333572206816,
         0.076128333572206816,
         0.076128333572206816,
         0.076128333572206816,
         0.25577098446112501,
         0.076128333572206816,
         0.076128333572206816,
         0.076128333572206816
      ],
      [
         0.10000000000000001,
         0.10000000000000001,
         0.10000000000000001,
         0.10000000000000001,
         0.10000000000000001,
         0.10000000000000001,
         0.10000000000000001,
         0.10000000000000001,
         0.10000000000000001,
         0.10000000000000001
      ],
      [
         0.087349716357018131,
         0.087349716357018131,
         0.087349716357018131,
         0.087349716357018131,
         0.087349716357018131,
         0.087349716357018131,
         0.21385255278683682,
         0.087349716357018131,
         0.087349716357018131,
         0.087349716357018131
      ],
      [
         0.097685166601029744,
         0.097685166601029744,
         0.097685166601029744,
         0.097685166601029744,
         0.097685166601029744,
         0.097685166601029744,
         0.12083350059073239,
         0.097685166601029744,
         0.097685166601029744,
         0.097685166601029744
      ],
      [
         0.092509043602086616,
         0.16741860758122046,
         0.092509043602086616,
         0.092509043602086616,
         0.092509043602086616,
         0.092509043602086616,
         0.092509043602086616,
         0.092509043602086616,
         0.092509043602086616,
         0.092509043602086616
      ],
      [
         0.081986022521611301,
         0.081986022521611301,
         0.081986022521611301,
         0.081986022521611301,
         0.081986022521611301,
         0.081986022521611301,
         0.26212579730549834,
         0.081986022521611301,
         0.081986022521611301,
         0.081986022521611301
      ],
      [
         0.10000000000000001,
         0.10000000000000001,
         0.10000000000000001,
         0.10000000000000001,
         0.10000000000000001,
         0.10000000000000001,
         0.10000000000000001,
         0.10000000000000001,
         0.10000000000000001,
         0.10000000000000001
      ],
      [
         0.082959052471853811,
         0.20949203457211546,
         0.082959052471853811,
         0.082959052471853811,
         0.082959052471853811,
         0.082959052471853811,
         0.12683554565305413,
         0.082959052471853811,
         0.082959052471853811,
         0.082959052471853811
      ],
      [
         0.078448193657200002,
         0.078448193657200002,
         0.078448193657200002,
         0.078448193657200002,
         0.078448193657200002,
         0.078448193657200002,
         0.29396625708519997,
         0.078448193657200002,
         0.078448193657200002,
         0.078448193657200002
      ],
      [
         0.087287933958090341,
         0.20892873156475097,
         0.087287933958090341,
         0.087287933958090341,
         0.087287933958090341,
         0.087287933958090341,
         0.092767796770526212,
         0.087287933958090341,
         0.087287933958090341,
         0.087287933958090341
      ],
      [
         0.098712475746551787,
         0.11158771828103392,
         0.098712475746551787,
         0.098712475746551787,
         0.098712475746551787,
         0.098712475746551787,
         0.098712475746551787,
         0.098712475746551787,
         0.098712475746551787,
         0.098712475746551787
      ],
      [
         0.098189523884291169,
         0.11629428504137942,
         0.098189523884291169,
         0.098189523884291169,
         0.098189523884291169,
         0.098189523884291169,
         0.098189523884291169,
         0.098189523884291169,
         0.098189523884291169,
         0.098189523884291169
      ],
      [
         0.07426779236251739,
         0.099753807288283869,
         0.07426779236251739,
         0.07426779236251739,
         0.07426779236251739,
         0.07426779236251739,
         0.30610385381157712,
         0.07426779236251739,
         0.07426779236251739,
         0.07426779236251739
      ]
   ],
   "output_training" : [
      [
         0.044351038488258533,
         0.059912871101180175,
         0.044351038488258533,
         0.044351038488258533,
         0.044351038488258533,
         0.044351038488258533,
         0.58527882099275164,
         0.044351038488258533,
         0.044351038488258533,
         0.044351038488258533
      ],
      [
         0.091144283057059017,
         0.14718397830545937,
         0.091144283057059017,
         0.091144283057059017,
         0.091144283057059017,
         0.091144283057059017,
         0.12366175723806853,
         0.091144283057059017,
         0.091144283057059017,
         0.091144283057059017
      ],
      [
         0.089601370796076496,
         0.19358766283531159,
         0.089601370796076496,
         0.089601370796076496,
         0.089601370796076496,
         0.089601370796076496,
         0.089601370796076496,
         0.089601370796076496,
         0.089601370796076496,
         0.089601370796076496
      ],
      [
         0.098562420337575105,
         0.11293821696182407,
         0.098562420337575105,
         0.098562420337575105,
         0.098562420337575105,
         0.098562420337575105,
         0.098562420337575105,
         0.098562420337575105,
         0.098562420337575105,
         0.098562420337575105
      ],
      [
         0.087432679738984942,
         0.11971979084419017,
         0.087432679738984942,
         0.087432679738984942,
         0.087432679738984942,
         0.087432679738984942,
         0.18081877124393017,
         0.087432679738984942,
         0.087432679738984942,
         0.087432679738984942
      ],
      [
         0.10000000000000001,
         0.10000000000000001,
         0.10000000000000001,
         0.10000000000000001,
         0.10000000000000001,
         0.10000000000000001,
         0.10000000000000001,
         0.10000000000000001,
         0.10000000000000001,
         0.10000000000000001
      ],
      [
         0.10000000000000001,
         0.10000000000000001,
         0.10000000000000001,
         0.10000000000000001,
         0.10000000000000001,
         0.10000000000000001,
         0.10000000000000001,
         0.10000000000000001,
         0.10000000000000001,
         0.10000000000000001
      ],
      [
         0.10000000000000001,
         0.10000000000000001,
         0.10000000000000001,
         0.10000000000000001,
         0.10000000000000001,
         0.10000000000000001,
         0.10000000000000001,
